Step    Eff_PrevBest F1 F2 F3    Eff_Curr f1 f2 f3
1    -1 9.93903629818035 2.5065005576477706 -5.157512297774112    -0.045454545454545456 9.93903629818035 2.5065005576477706 -5.157512297774112
1    -1 9.93903629818035 2.5065005576477706 -5.157512297774112    -0.045454545454545456 9.93903629818035 2.5065005576477706 -5.157512297774112
1    -1 -5 -5 1    0.0 -5 -5 1
1    -1 -5 -5 1    0.0 -5 -5 1
2    0.0 -5 -5 2    0.0 -5 -5 2
3    0.0 -5 -5 3    0.0 -5 -5 3
4    0.0 -5 -5 4    0.0 -5 -5 4
5    0.0 -5 -5 5    0.0 -5 -5 5
6    0.0 -5 -4 1    0.0 -5 -4 1
1    -1 -5 -5 5    0.0 -5 -5 5
2    0.0 -5 -4 4    0.0 -5 -4 4
3    0.0 -5 -4 5    -0.00808080808080808 -5 -4 5
4    0.0 -5 -3 3    0.0 -5 -3 3
5    0.0 -5 -3 4    0.00606060606060606 -5 -3 4
6    0.00606060606060606 -5 -3 5    -0.8848484848484849 -5 -3 5
7    0.00606060606060606 -5 -2 2    0.0 -5 -2 2
8    0.00606060606060606 -5 -2 3    0.00505050505050505 -5 -2 3
9    0.00606060606060606 -5 -2 4    -0.893939393939394 -5 -2 4
10    0.00606060606060606 -5 -2 5    -0.2535353535353535 -5 -2 5
11    0.00606060606060606 -5 -1 1    0.0 -5 -1 1
12    0.00606060606060606 -5 -1 2    0.00101010101010101 -5 -1 2
13    0.00606060606060606 -5 -1 3    -0.9030303030303031 -5 -1 3
14    0.00606060606060606 -5 -1 4    -0.25656565656565655 -5 -1 4
15    0.00606060606060606 -5 -1 5    -0.00909090909090909 -5 -1 5
16    0.00606060606060606 -5 0 0    0.0 -5 0 0
17    0.00606060606060606 -5 0 1    0.0 -5 0 1
18    0.00606060606060606 -5 0 2    -0.893939393939394 -5 0 2
19    0.00606060606060606 -5 0 3    -0.25555555555555554 -5 0 3
20    0.00606060606060606 -5 0 4    -0.00909090909090909 -5 0 4
21    0.00606060606060606 -5 0 5    0.0 -5 0 5
22    0.00606060606060606 -5 1 -1    0.0 -5 1 -1
23    0.00606060606060606 -5 1 0    0.0 -5 1 0
24    0.00606060606060606 -5 1 1    -0.9131313131313131 -5 1 1
25    0.00606060606060606 -5 1 2    -0.26666666666666666 -5 1 2
26    0.00606060606060606 -5 1 3    -0.00707070707070707 -5 1 3
27    0.00606060606060606 -5 1 4    0.0 -5 1 4
28    0.00606060606060606 -5 1 5    0.0 -5 1 5
29    0.00606060606060606 -5 2 -2    0.0 -5 2 -2
30    0.00606060606060606 -5 2 -1    0.0 -5 2 -1
31    0.00606060606060606 -5 2 0    -0.8929292929292929 -5 2 0
32    0.00606060606060606 -5 2 1    -0.27474747474747474 -5 2 1
33    0.00606060606060606 -5 2 2    -0.00808080808080808 -5 2 2
34    0.00606060606060606 -5 2 3    0.0 -5 2 3
35    0.00606060606060606 -5 2 4    0.0 -5 2 4
36    0.00606060606060606 -5 2 5    0.0 -5 2 5
37    0.00606060606060606 -5 3 -3    0.0 -5 3 -3
38    0.00606060606060606 -5 3 -2    0.0 -5 3 -2
39    0.00606060606060606 -5 3 -1    -0.9323232323232323 -5 3 -1
40    0.00606060606060606 -5 3 0    -0.2707070707070707 -5 3 0
41    0.00606060606060606 -5 3 1    -0.00808080808080808 -5 3 1
42    0.00606060606060606 -5 3 2    0.0 -5 3 2
43    0.00606060606060606 -5 3 3    0.0 -5 3 3
44    0.00606060606060606 -5 3 4    0.0 -5 3 4
45    0.00606060606060606 -5 3 5    0.0 -5 3 5
46    0.00606060606060606 -5 4 -4    0.0 -5 4 -4
47    0.00606060606060606 -5 4 -3    0.0 -5 4 -3
48    0.00606060606060606 -5 4 -2    -0.9424242424242424 -5 4 -2
49    0.00606060606060606 -5 4 -1    -0.302020202020202 -5 4 -1
50    0.00606060606060606 -5 4 0    -0.00707070707070707 -5 4 0
51    0.00606060606060606 -5 4 1    0.0 -5 4 1
52    0.00606060606060606 -5 4 2    0.0 -5 4 2
53    0.00606060606060606 -5 4 3    0.0 -5 4 3
54    0.00606060606060606 -5 4 4    0.0 -5 4 4
55    0.00606060606060606 -5 4 5    0.0 -5 4 5
56    0.00606060606060606 -5 5 -5    0.0 -5 5 -5
57    0.00606060606060606 -5 5 -4    0.0 -5 5 -4
58    0.00606060606060606 -5 5 -3    -0.9616161616161616 -5 5 -3
59    0.00606060606060606 -5 5 -2    -0.3282828282828283 -5 5 -2
60    0.00606060606060606 -5 5 -1    -0.01616161616161616 -5 5 -1
61    0.00606060606060606 -5 5 0    0.0 -5 5 0
62    0.00606060606060606 -5 5 1    0.0 -5 5 1
63    0.00606060606060606 -5 5 2    0.0 -5 5 2
64    0.00606060606060606 -5 5 3    0.0 -5 5 3
65    0.00606060606060606 -5 5 4    0.0 -5 5 4
66    0.00606060606060606 -5 5 5    0.0 -5 5 5
67    0.00606060606060606 -4 -5 5    0.0 -4 -5 5
68    0.00606060606060606 -4 -4 4    0.0 -4 -4 4
69    0.00606060606060606 -4 -4 5    -0.015151515151515152 -4 -4 5
70    0.00606060606060606 -4 -3 3    0.0 -4 -3 3
71    0.00606060606060606 -4 -3 4    -0.00404040404040404 -4 -3 4
72    0.00606060606060606 -4 -3 5    -0.7161616161616162 -4 -3 5
73    0.00606060606060606 -4 -2 2    0.0 -4 -2 2
74    0.00606060606060606 -4 -2 3    -0.01414141414141414 -4 -2 3
75    0.00606060606060606 -4 -2 4    -0.7363636363636364 -4 -2 4
76    0.00606060606060606 -4 -2 5    -0.10303030303030304 -4 -2 5
77    0.00606060606060606 -4 -1 1    0.0 -4 -1 1
78    0.00606060606060606 -4 -1 2    -0.02121212121212121 -4 -1 2
79    0.00606060606060606 -4 -1 3    -0.7070707070707072 -4 -1 3
80    0.00606060606060606 -4 -1 4    -0.1313131313131313 -4 -1 4
81    0.00606060606060606 -4 -1 5    0.00101010101010101 -4 -1 5
82    0.00606060606060606 -4 0 0    0.0 -4 0 0
83    0.00606060606060606 -4 0 1    -0.012121212121212121 -4 0 1
84    0.00606060606060606 -4 0 2    -0.7343434343434344 -4 0 2
85    0.00606060606060606 -4 0 3    -0.13030303030303028 -4 0 3
86    0.00606060606060606 -4 0 4    0.0 -4 0 4
87    0.00606060606060606 -4 0 5    0.0 -4 0 5
88    0.00606060606060606 -4 1 -1    0.0 -4 1 -1
89    0.00606060606060606 -4 1 0    -0.01818181818181818 -4 1 0
90    0.00606060606060606 -4 1 1    -0.7232323232323233 -4 1 1
91    0.00606060606060606 -4 1 2    -0.15757575757575756 -4 1 2
92    0.00606060606060606 -4 1 3    0.0 -4 1 3
93    0.00606060606060606 -4 1 4    0.0 -4 1 4
94    0.00606060606060606 -4 1 5    0.0 -4 1 5
95    0.00606060606060606 -4 2 -2    0.0 -4 2 -2
96    0.00606060606060606 -4 2 -1    0.0 -4 2 -1
97    0.00606060606060606 -4 2 0    -0.7696969696969698 -4 2 0
98    0.00606060606060606 -4 2 1    -0.16565656565656567 -4 2 1
99    0.00606060606060606 -4 2 2    0.0 -4 2 2
100    0.00606060606060606 -4 2 3    0.0 -4 2 3
101    0.00606060606060606 -4 2 4    0.0 -4 2 4
102    0.00606060606060606 -4 2 5    0.0 -4 2 5
103    0.00606060606060606 -4 3 -3    0.0 -4 3 -3
104    0.00606060606060606 -4 3 -2    -0.015151515151515152 -4 3 -2
105    0.00606060606060606 -4 3 -1    -0.7909090909090909 -4 3 -1
106    0.00606060606060606 -4 3 0    -0.17575757575757575 -4 3 0
107    0.00606060606060606 -4 3 1    -0.00909090909090909 -4 3 1
108    0.00606060606060606 -4 3 2    0.0 -4 3 2
109    0.00606060606060606 -4 3 3    0.0 -4 3 3
110    0.00606060606060606 -4 3 4    0.0 -4 3 4
111    0.00606060606060606 -4 3 5    0.0 -4 3 5
112    0.00606060606060606 -4 4 -4    0.0 -4 4 -4
113    0.00606060606060606 -4 4 -3    -0.1292929292929293 -4 4 -3
114    0.00606060606060606 -4 4 -2    -0.82020202020202 -4 4 -2
115    0.00606060606060606 -4 4 -1    -0.20202020202020204 -4 4 -1
116    0.00606060606060606 -4 4 0    -0.00909090909090909 -4 4 0
117    0.00606060606060606 -4 4 1    0.0 -4 4 1
118    0.00606060606060606 -4 4 2    0.0 -4 4 2
119    0.00606060606060606 -4 4 3    0.0 -4 4 3
120    0.00606060606060606 -4 4 4    0.0 -4 4 4
121    0.00606060606060606 -4 4 5    0.0 -4 4 5
122    0.00606060606060606 -4 5 -5    0.0 -4 5 -5
123    0.00606060606060606 -4 5 -4    -0.11616161616161615 -4 5 -4
124    0.00606060606060606 -4 5 -3    -0.8595959595959595 -4 5 -3
125    0.00606060606060606 -4 5 -2    -0.21818181818181817 -4 5 -2
126    0.00606060606060606 -4 5 -1    -0.01616161616161616 -4 5 -1
127    0.00606060606060606 -4 5 0    0.0 -4 5 0
128    0.00606060606060606 -4 5 1    0.0 -4 5 1
129    0.00606060606060606 -4 5 2    0.0 -4 5 2
130    0.00606060606060606 -4 5 3    0.0 -4 5 3
131    0.00606060606060606 -4 5 4    0.0 -4 5 4
132    0.00606060606060606 -4 5 5    0.0 -4 5 5
133    0.00606060606060606 -3 -5 5    0.0 -3 -5 5
134    0.00606060606060606 -3 -4 4    0.0 -3 -4 4
135    0.00606060606060606 -3 -4 5    -0.7707070707070709 -3 -4 5
136    0.00606060606060606 -3 -3 3    0.0 -3 -3 3
137    0.00606060606060606 -3 -3 4    -0.9222222222222223 -3 -3 4
138    0.00606060606060606 -3 -3 5    -0.4414141414141415 -3 -3 5
139    0.00606060606060606 -3 -2 2    0.0 -3 -2 2
140    0.00606060606060606 -3 -2 3    -0.9616161616161615 -3 -2 3
141    0.00606060606060606 -3 -2 4    -0.4727272727272727 -3 -2 4
142    0.00606060606060606 -3 -2 5    -0.07676767676767676 -3 -2 5
143    0.00606060606060606 -3 -1 1    0.0 -3 -1 1
144    0.00606060606060606 -3 -1 2    -0.9797979797979797 -3 -1 2
145    0.00606060606060606 -3 -1 3    -0.51010101010101 -3 -1 3
146    0.00606060606060606 -3 -1 4    -0.09494949494949495 -3 -1 4
147    0.00606060606060606 -3 -1 5    0.0 -3 -1 5
148    0.00606060606060606 -3 0 0    0.0 -3 0 0
149    0.00606060606060606 -3 0 1    -0.9898989898989898 -3 0 1
150    0.00606060606060606 -3 0 2    -0.5212121212121212 -3 0 2
151    0.00606060606060606 -3 0 3    -0.07373737373737374 -3 0 3
152    0.00606060606060606 -3 0 4    0.0 -3 0 4
153    0.00606060606060606 -3 0 5    0.0 -3 0 5
154    0.00606060606060606 -3 1 -1    0.0 -3 1 -1
155    0.00606060606060606 -3 1 0    -0.9808080808080808 -3 1 0
156    0.00606060606060606 -3 1 1    -0.5585858585858586 -3 1 1
157    0.00606060606060606 -3 1 2    -0.06565656565656565 -3 1 2
158    0.00606060606060606 -3 1 3    0.0 -3 1 3
159    0.00606060606060606 -3 1 4    0.0 -3 1 4
160    0.00606060606060606 -3 1 5    0.0 -3 1 5
161    0.00606060606060606 -3 2 -2    0.0 -3 2 -2
162    0.00606060606060606 -3 2 -1    -0.9999999999999999 -3 2 -1
163    0.00606060606060606 -3 2 0    -0.5767676767676767 -3 2 0
164    0.00606060606060606 -3 2 1    -0.08484848484848485 -3 2 1
165    0.00606060606060606 -3 2 2    0.0 -3 2 2
166    0.00606060606060606 -3 2 3    0.0 -3 2 3
167    0.00606060606060606 -3 2 4    0.0 -3 2 4
168    0.00606060606060606 -3 2 5    0.0 -3 2 5
169    0.00606060606060606 -3 3 -3    0.0 -3 3 -3
170    0.00606060606060606 -3 3 -2    -0.9999999999999999 -3 3 -2
171    0.00606060606060606 -3 3 -1    -0.6313131313131313 -3 3 -1
172    0.00606060606060606 -3 3 0    -0.10303030303030304 -3 3 0
173    0.00606060606060606 -3 3 1    0.0 -3 3 1
174    0.00606060606060606 -3 3 2    0.0 -3 3 2
175    0.00606060606060606 -3 3 3    0.0 -3 3 3
176    0.00606060606060606 -3 3 4    0.0 -3 3 4
177    0.00606060606060606 -3 3 5    0.0 -3 3 5
178    0.00606060606060606 -3 4 -4    0.0 -3 4 -4
179    0.00606060606060606 -3 4 -3    -0.9909090909090909 -3 4 -3
180    0.00606060606060606 -3 4 -2    -0.706060606060606 -3 4 -2
181    0.00606060606060606 -3 4 -1    -0.09292929292929293 -3 4 -1
182    0.00606060606060606 -3 4 0    0.0 -3 4 0
183    0.00606060606060606 -3 4 1    0.0 -3 4 1
184    0.00606060606060606 -3 4 2    0.0 -3 4 2
185    0.00606060606060606 -3 4 3    0.0 -3 4 3
186    0.00606060606060606 -3 4 4    0.0 -3 4 4
187    0.00606060606060606 -3 4 5    0.0 -3 4 5
188    0.00606060606060606 -3 5 -5    0.0 -3 5 -5
189    0.00606060606060606 -3 5 -4    -0.9909090909090909 -3 5 -4
190    0.00606060606060606 -3 5 -3    -0.7393939393939393 -3 5 -3
191    0.00606060606060606 -3 5 -2    -0.11919191919191918 -3 5 -2
192    0.00606060606060606 -3 5 -1    0.00202020202020202 -3 5 -1
193    0.00606060606060606 -3 5 0    0.0 -3 5 0
194    0.00606060606060606 -3 5 1    0.0 -3 5 1
195    0.00606060606060606 -3 5 2    0.0 -3 5 2
196    0.00606060606060606 -3 5 3    0.0 -3 5 3
197    0.00606060606060606 -3 5 4    0.0 -3 5 4
198    0.00606060606060606 -3 5 5    0.0 -3 5 5
199    0.00606060606060606 -2 -5 5    0.00202020202020202 -2 -5 5
200    0.00606060606060606 -2 -4 4    0.0 -2 -4 4
201    0.00606060606060606 -2 -4 5    -0.9797979797979797 -2 -4 5
202    0.00606060606060606 -2 -3 3    0.0 -2 -3 3
203    0.00606060606060606 -2 -3 4    -0.9999999999999999 -2 -3 4
204    0.00606060606060606 -2 -3 5    -0.3434343434343435 -2 -3 5
205    0.00606060606060606 -2 -2 2    0.0 -2 -2 2
206    0.00606060606060606 -2 -2 3    -0.9797979797979798 -2 -2 3
207    0.00606060606060606 -2 -2 4    -0.3828282828282828 -2 -2 4
208    0.00606060606060606 -2 -2 5    -0.044444444444444446 -2 -2 5
209    0.00606060606060606 -2 -1 1    0.0 -2 -1 1
210    0.00606060606060606 -2 -1 2    -0.9707070707070706 -2 -1 2
211    0.00606060606060606 -2 -1 3    -0.37272727272727274 -2 -1 3
212    0.00606060606060606 -2 -1 4    -0.01717171717171717 -2 -1 4
213    0.00606060606060606 -2 -1 5    0.0 -2 -1 5
214    0.00606060606060606 -2 0 0    0.0 -2 0 0
215    0.00606060606060606 -2 0 1    -0.9808080808080808 -2 0 1
216    0.00606060606060606 -2 0 2    -0.41111111111111104 -2 0 2
217    0.00606060606060606 -2 0 3    -0.03434343434343434 -2 0 3
218    0.00606060606060606 -2 0 4    0.0 -2 0 4
219    0.00606060606060606 -2 0 5    0.0 -2 0 5
220    0.00606060606060606 -2 1 -1    0.0 -2 1 -1
221    0.00606060606060606 -2 1 0    -0.9999999999999999 -2 1 0
222    0.00606060606060606 -2 1 1    -0.402020202020202 -2 1 1
223    0.00606060606060606 -2 1 2    -0.01515151515151515 -2 1 2
224    0.00606060606060606 -2 1 3    0.0 -2 1 3
225    0.00606060606060606 -2 1 4    0.0 -2 1 4
226    0.00606060606060606 -2 1 5    0.0 -2 1 5
227    0.00606060606060606 -2 2 -2    0.0 -2 2 -2
228    0.00606060606060606 -2 2 -1    -0.9999999999999999 -2 2 -1
229    0.00606060606060606 -2 2 0    -0.43131313131313137 -2 2 0
230    0.00606060606060606 -2 2 1    -0.04242424242424243 -2 2 1
231    0.00606060606060606 -2 2 2    0.0 -2 2 2
232    0.00606060606060606 -2 2 3    0.0 -2 2 3
233    0.00606060606060606 -2 2 4    0.0 -2 2 4
234    0.00606060606060606 -2 2 5    0.0 -2 2 5
235    0.00606060606060606 -2 3 -3    0.0 -2 3 -3
236    0.00606060606060606 -2 3 -2    -0.9999999999999999 -2 3 -2
237    0.00606060606060606 -2 3 -1    -0.43030303030303024 -2 3 -1
238    0.00606060606060606 -2 3 0    -0.0494949494949495 -2 3 0
239    0.00606060606060606 -2 3 1    0.0 -2 3 1
240    0.00606060606060606 -2 3 2    0.0 -2 3 2
241    0.00606060606060606 -2 3 3    0.0 -2 3 3
242    0.00606060606060606 -2 3 4    0.0 -2 3 4
243    0.00606060606060606 -2 3 5    0.0 -2 3 5
244    0.00606060606060606 -2 4 -4    0.0 -2 4 -4
245    0.00606060606060606 -2 4 -3    -0.9999999999999999 -2 4 -3
246    0.00606060606060606 -2 4 -2    -0.4454545454545455 -2 4 -2
247    0.00606060606060606 -2 4 -1    -0.06767676767676767 -2 4 -1
248    0.00606060606060606 -2 4 0    0.0 -2 4 0
249    0.00606060606060606 -2 4 1    0.0 -2 4 1
250    0.00606060606060606 -2 4 2    0.0 -2 4 2
251    0.00606060606060606 -2 4 3    0.0 -2 4 3
252    0.00606060606060606 -2 4 4    0.0 -2 4 4
253    0.00606060606060606 -2 4 5    0.0 -2 4 5
254    0.00606060606060606 -2 5 -5    0.0 -2 5 -5
255    0.00606060606060606 -2 5 -4    -0.9909090909090909 -2 5 -4
256    0.00606060606060606 -2 5 -3    -0.509090909090909 -2 5 -3
257    0.00606060606060606 -2 5 -2    -0.07676767676767676 -2 5 -2
258    0.00606060606060606 -2 5 -1    0.0 -2 5 -1
259    0.00606060606060606 -2 5 0    0.0 -2 5 0
260    0.00606060606060606 -2 5 1    0.0 -2 5 1
261    0.00606060606060606 -2 5 2    0.0 -2 5 2
262    0.00606060606060606 -2 5 3    0.0 -2 5 3
263    0.00606060606060606 -2 5 4    0.0 -2 5 4
264    0.00606060606060606 -2 5 5    0.0 -2 5 5
265    0.00606060606060606 -1 -5 4    0.0 -1 -5 4
266    0.00606060606060606 -1 -5 5    -0.00404040404040404 -1 -5 5
267    0.00606060606060606 -1 -4 3    0.0 -1 -4 3
268    0.00606060606060606 -1 -4 4    0.00101010101010101 -1 -4 4
269    0.00606060606060606 -1 -4 5    -0.906060606060606 -1 -4 5
270    0.00606060606060606 -1 -3 2    0.0 -1 -3 2
271    0.00606060606060606 -1 -3 3    0.0 -1 -3 3
272    0.00606060606060606 -1 -3 4    -0.8838383838383839 -1 -3 4
273    0.00606060606060606 -1 -3 5    -0.23737373737373738 -1 -3 5
274    0.00606060606060606 -1 -2 1    0.0 -1 -2 1
275    0.00606060606060606 -1 -2 2    0.0 -1 -2 2
276    0.00606060606060606 -1 -2 3    -0.8747474747474747 -1 -2 3
277    0.00606060606060606 -1 -2 4    -0.26565656565656565 -1 -2 4
278    0.00606060606060606 -1 -2 5    -0.00909090909090909 -1 -2 5
279    0.00606060606060606 -1 -1 0    0.0 -1 -1 0
280    0.00606060606060606 -1 -1 1    0.0 -1 -1 1
281    0.00606060606060606 -1 -1 2    -0.8929292929292928 -1 -1 2
282    0.00606060606060606 -1 -1 3    -0.26565656565656565 -1 -1 3
283    0.00606060606060606 -1 -1 4    -0.00707070707070707 -1 -1 4
284    0.00606060606060606 -1 -1 5    0.0 -1 -1 5
285    0.00606060606060606 -1 0 -1    0.0 -1 0 -1
286    0.00606060606060606 -1 0 0    0.0 -1 0 0
287    0.00606060606060606 -1 0 1    -0.8919191919191918 -1 0 1
288    0.00606060606060606 -1 0 2    -0.27474747474747474 -1 0 2
289    0.00606060606060606 -1 0 3    -0.00707070707070707 -1 0 3
290    0.00606060606060606 -1 0 4    0.0 -1 0 4
291    0.00606060606060606 -1 0 5    0.0 -1 0 5
292    0.00606060606060606 -1 1 -2    0.0 -1 1 -2
293    0.00606060606060606 -1 1 -1    0.0 -1 1 -1
294    0.00606060606060606 -1 1 0    -0.9222222222222223 -1 1 0
295    0.00606060606060606 -1 1 1    -0.2818181818181818 -1 1 1
296    0.00606060606060606 -1 1 2    -0.00808080808080808 -1 1 2
297    0.00606060606060606 -1 1 3    0.0 -1 1 3
298    0.00606060606060606 -1 1 4    0.0 -1 1 4
299    0.00606060606060606 -1 1 5    0.0 -1 1 5
300    0.00606060606060606 -1 2 -3    0.0 -1 2 -3
301    0.00606060606060606 -1 2 -2    0.0 -1 2 -2
302    0.00606060606060606 -1 2 -1    -0.9323232323232323 -1 2 -1
303    0.00606060606060606 -1 2 0    -0.2919191919191919 -1 2 0
304    0.00606060606060606 -1 2 1    -0.00606060606060606 -1 2 1
305    0.00606060606060606 -1 2 2    0.0 -1 2 2
306    0.00606060606060606 -1 2 3    0.0 -1 2 3
307    0.00606060606060606 -1 2 4    0.0 -1 2 4
308    0.00606060606060606 -1 2 5    0.0 -1 2 5
309    0.00606060606060606 -1 3 -4    0.0 -1 3 -4
310    0.00606060606060606 -1 3 -3    0.0 -1 3 -3
311    0.00606060606060606 -1 3 -2    -0.9525252525252526 -1 3 -2
312    0.00606060606060606 -1 3 -1    -0.3282828282828283 -1 3 -1
313    0.00606060606060606 -1 3 0    -0.00707070707070707 -1 3 0
314    0.00606060606060606 -1 3 1    0.0 -1 3 1
315    0.00606060606060606 -1 3 2    0.0 -1 3 2
316    0.00606060606060606 -1 3 3    0.0 -1 3 3
317    0.00606060606060606 -1 3 4    0.0 -1 3 4
318    0.00606060606060606 -1 3 5    0.0 -1 3 5
319    0.00606060606060606 -1 4 -5    0.0 -1 4 -5
320    0.00606060606060606 -1 4 -4    0.0 -1 4 -4
321    0.00606060606060606 -1 4 -3    -0.9707070707070706 -1 4 -3
322    0.00606060606060606 -1 4 -2    -0.34646464646464653 -1 4 -2
323    0.00606060606060606 -1 4 -1    -0.04242424242424243 -1 4 -1
324    0.00606060606060606 -1 4 0    0.0 -1 4 0
325    0.00606060606060606 -1 4 1    0.0 -1 4 1
326    0.00606060606060606 -1 4 2    0.0 -1 4 2
327    0.00606060606060606 -1 4 3    0.0 -1 4 3
328    0.00606060606060606 -1 4 4    0.0 -1 4 4
329    0.00606060606060606 -1 4 5    0.0 -1 4 5
330    0.00606060606060606 -1 5 -5    0.00101010101010101 -1 5 -5
331    0.00606060606060606 -1 5 -4    -0.9909090909090909 -1 5 -4
332    0.00606060606060606 -1 5 -3    -0.35454545454545455 -1 5 -3
333    0.00606060606060606 -1 5 -2    -0.03333333333333333 -1 5 -2
334    0.00606060606060606 -1 5 -1    0.0 -1 5 -1
335    0.00606060606060606 -1 5 0    0.0 -1 5 0
336    0.00606060606060606 -1 5 1    0.0 -1 5 1
337    0.00606060606060606 -1 5 2    0.0 -1 5 2
338    0.00606060606060606 -1 5 3    0.0 -1 5 3
339    0.00606060606060606 -1 5 4    0.0 -1 5 4
340    0.00606060606060606 -1 5 5    0.0 -1 5 5
341    0.00606060606060606 0 -5 4    0.0 0 -5 4
342    0.00606060606060606 0 -5 5    -0.01414141414141414 0 -5 5
343    0.00606060606060606 0 -4 3    0.0 0 -4 3
344    0.00606060606060606 0 -4 4    -0.05050505050505051 0 -4 4
345    0.00606060606060606 0 -4 5    -0.7181818181818181 0 -4 5
346    0.00606060606060606 0 -3 2    0.0 0 -3 2
347    0.00606060606060606 0 -3 3    -0.013131313131313131 0 -3 3
348    0.00606060606060606 0 -3 4    -0.7171717171717172 0 -3 4
349    0.00606060606060606 0 -3 5    -0.13030303030303028 0 -3 5
350    0.00606060606060606 0 -2 1    0.0 0 -2 1
351    0.00606060606060606 0 -2 2    -0.0202020202020202 0 -2 2
352    0.00606060606060606 0 -2 3    -0.7262626262626264 0 -2 3
353    0.00606060606060606 0 -2 4    -0.1222222222222222 0 -2 4
354    0.00606060606060606 0 -2 5    0.0 0 -2 5
355    0.00606060606060606 0 -1 0    0.0 0 -1 0
356    0.00606060606060606 0 -1 1    -0.00808080808080808 0 -1 1
357    0.00606060606060606 0 -1 2    -0.7333333333333334 0 -1 2
358    0.00606060606060606 0 -1 3    -0.15757575757575756 0 -1 3
359    0.00606060606060606 0 -1 4    0.0 0 -1 4
360    0.00606060606060606 0 -1 5    0.0 0 -1 5
361    0.00606060606060606 0 0 -1    0.0 0 0 -1
362    0.00606060606060606 0 1 -2    0.0 0 1 -2
363    0.00606060606060606 0 1 -1    -0.01616161616161616 0 1 -1
364    0.00606060606060606 0 1 0    -0.7707070707070708 0 1 0
365    0.00606060606060606 0 1 1    -0.18383838383838386 0 1 1
366    0.00606060606060606 0 1 2    -0.00909090909090909 0 1 2
367    0.00606060606060606 0 1 3    0.0 0 1 3
368    0.00606060606060606 0 2 -3    0.0 0 2 -3
369    0.00606060606060606 0 2 -2    -0.10505050505050505 0 2 -2
370    0.00606060606060606 0 2 -1    -0.81010101010101 0 2 -1
371    0.00606060606060606 0 2 0    -0.20202020202020204 0 2 0
372    0.00606060606060606 0 2 1    -0.00909090909090909 0 2 1
373    0.00606060606060606 0 2 2    0.0 0 2 2
374    0.00606060606060606 0 3 -4    0.0 0 3 -4
375    0.00606060606060606 0 3 -3    -0.06060606060606061 0 3 -3
376    0.00606060606060606 0 3 -2    -0.8484848484848484 0 3 -2
377    0.00606060606060606 0 3 -1    -0.22828282828282828 0 3 -1
378    0.00606060606060606 0 3 0    -0.01616161616161616 0 3 0
379    0.00606060606060606 0 3 1    0.0 0 3 1
380    0.00606060606060606 0 4 -5    0.0 0 4 -5
381    0.00606060606060606 0 4 -4    -0.06363636363636363 0 4 -4
382    0.00606060606060606 0 4 -3    -0.9060606060606061 0 4 -3
383    0.00606060606060606 0 4 -2    -0.2737373737373737 0 4 -2
384    0.00606060606060606 0 4 -1    0.0030303030303030303 0 4 -1
385    0.00606060606060606 0 4 0    0.0 0 4 0
386    0.00606060606060606 0 5 -5    -0.02828282828282828 0 5 -5
387    0.00606060606060606 0 5 -4    -0.9353535353535354 0 5 -4
388    0.00606060606060606 0 5 -3    -0.2919191919191919 0 5 -3
389    0.00606060606060606 0 5 -2    -0.00606060606060606 0 5 -2
390    0.00606060606060606 0 5 -1    0.0 0 5 -1
391    0.00606060606060606 1 -5 4    0.0 1 -5 4
392    0.00606060606060606 1 -5 5    -0.8747474747474747 1 -5 5
393    0.00606060606060606 1 -4 3    0.0 1 -4 3
394    0.00606060606060606 1 -4 4    -0.9616161616161616 1 -4 4
395    0.00606060606060606 1 -4 5    -0.4535353535353535 1 -4 5
396    0.00606060606060606 1 -3 2    0.0 1 -3 2
397    0.00606060606060606 1 -3 3    -0.9797979797979797 1 -3 3
398    0.00606060606060606 1 -3 4    -0.5303030303030303 1 -3 4
399    0.00606060606060606 1 -3 5    -0.08484848484848485 1 -3 5
400    0.00606060606060606 1 -2 1    0.0 1 -2 1
401    0.00606060606060606 1 -2 2    -0.9707070707070706 1 -2 2
402    0.00606060606060606 1 -2 3    -0.5575757575757575 1 -2 3
403    0.00606060606060606 1 -2 4    -0.07373737373737374 1 -2 4
404    0.00606060606060606 1 -2 5    0.0 1 -2 5
405    0.00606060606060606 1 -1 0    0.0 1 -1 0
406    0.00606060606060606 1 -1 1    -0.9797979797979797 1 -1 1
407    0.00606060606060606 1 -1 2    -0.5414141414141413 1 -1 2
408    0.00606060606060606 1 -1 3    -0.07575757575757576 1 -1 3
409    0.00606060606060606 1 -1 4    0.0 1 -1 4
410    0.00606060606060606 1 -1 5    0.0 1 -1 5
411    0.00606060606060606 1 0 -1    0.0 1 0 -1
412    0.00606060606060606 1 1 -2    0.0 1 1 -2
413    0.00606060606060606 1 1 -1    -0.9999999999999999 1 1 -1
414    0.00606060606060606 1 1 0    -0.6393939393939394 1 1 0
415    0.00606060606060606 1 1 1    -0.10404040404040404 1 1 1
416    0.00606060606060606 1 1 2    0.0 1 1 2
417    0.00606060606060606 1 2 -3    0.0 1 2 -3
418    0.00606060606060606 1 2 -2    -0.9909090909090909 1 2 -2
419    0.00606060606060606 1 2 -1    -0.6585858585858585 1 2 -1
420    0.00606060606060606 1 2 0    -0.10202020202020202 1 2 0
421    0.00606060606060606 1 2 1    0.0 1 2 1
422    0.00606060606060606 1 3 -4    0.0 1 3 -4
423    0.00606060606060606 1 3 -3    -0.9909090909090909 1 3 -3
424    0.00606060606060606 1 3 -2    -0.7080808080808081 1 3 -2
425    0.00606060606060606 1 3 -1    -0.10101010101010102 1 3 -1
426    0.00606060606060606 1 3 0    0.00101010101010101 1 3 0
427    0.00606060606060606 1 3 1    0.0 1 3 1
428    0.00606060606060606 1 4 -5    0.0 1 4 -5
429    0.00606060606060606 1 4 -4    -0.9909090909090909 1 4 -4
430    0.00606060606060606 1 4 -3    -0.7444444444444446 1 4 -3
431    0.00606060606060606 1 4 -2    -0.1373737373737374 1 4 -2
432    0.00606060606060606 1 4 -1    -0.00909090909090909 1 4 -1
433    0.00606060606060606 1 4 0    0.0 1 4 0
434    0.00606060606060606 1 5 -5    -0.9727272727272727 1 5 -5
435    0.00606060606060606 1 5 -4    -0.8 1 5 -4
436    0.00606060606060606 1 5 -3    -0.21111111111111114 1 5 -3
437    0.00606060606060606 1 5 -2    0.00101010101010101 1 5 -2
438    0.00606060606060606 1 5 -1    0.0 1 5 -1
439    0.00606060606060606 2 -5 4    0.0 2 -5 4
440    0.00606060606060606 2 -5 5    -0.9696969696969696 2 -5 5
441    0.00606060606060606 2 -4 3    0.0 2 -4 3
442    0.00606060606060606 2 -4 4    -0.9898989898989898 2 -4 4
443    0.00606060606060606 2 -4 5    -0.3424242424242424 2 -4 5
444    0.00606060606060606 2 -3 2    0.0 2 -3 2
445    0.00606060606060606 2 -3 3    -0.9707070707070706 2 -3 3
446    0.00606060606060606 2 -3 4    -0.36565656565656574 2 -3 4
447    0.00606060606060606 2 -3 5    -0.03535353535353535 2 -3 5
448    0.00606060606060606 2 -2 1    0.0 2 -2 1
449    0.00606060606060606 2 -2 2    -0.9909090909090909 2 -2 2
450    0.00606060606060606 2 -2 3    -0.403030303030303 2 -2 3
451    0.00606060606060606 2 -2 4    -0.025252525252525252 2 -2 4
452    0.00606060606060606 2 -2 5    0.0 2 -2 5
453    0.00606060606060606 2 -1 0    0.0 2 -1 0
454    0.00606060606060606 2 -1 1    -0.9898989898989898 2 -1 1
455    0.00606060606060606 2 -1 2    -0.41212121212121217 2 -1 2
456    0.00606060606060606 2 -1 3    -0.01616161616161616 2 -1 3
457    0.00606060606060606 2 -1 4    0.0 2 -1 4
458    0.00606060606060606 2 -1 5    0.0 2 -1 5
459    0.00606060606060606 2 0 -1    0.0 2 0 -1
460    0.00606060606060606 2 1 -2    0.0 2 1 -2
461    0.00606060606060606 2 1 -1    -0.9999999999999999 2 1 -1
462    0.00606060606060606 2 1 0    -0.39898989898989895 2 1 0
463    0.00606060606060606 2 1 1    -0.0494949494949495 2 1 1
464    0.00606060606060606 2 1 2    0.0 2 1 2
465    0.00606060606060606 2 2 -3    0.0 2 2 -3
466    0.00606060606060606 2 2 -2    -0.9898989898989898 2 2 -2
467    0.00606060606060606 2 2 -1    -0.44444444444444436 2 2 -1
468    0.00606060606060606 2 2 0    -0.06868686868686869 2 2 0
469    0.00606060606060606 2 2 1    0.0 2 2 1
470    0.00606060606060606 2 3 -4    0.0 2 3 -4
471    0.00606060606060606 2 3 -3    -0.9909090909090909 2 3 -3
472    0.00606060606060606 2 3 -2    -0.4797979797979797 2 3 -2
473    0.00606060606060606 2 3 -1    -0.08484848484848485 2 3 -1
474    0.00606060606060606 2 3 0    0.0 2 3 0
475    0.00606060606060606 2 4 -5    0.0 2 4 -5
476    0.00606060606060606 2 4 -4    -0.9717171717171718 2 4 -4
477    0.00606060606060606 2 4 -3    -0.5636363636363636 2 4 -3
478    0.00606060606060606 2 4 -2    -0.08484848484848485 2 4 -2
479    0.00606060606060606 2 4 -1    0.0 2 4 -1
480    0.00606060606060606 2 5 -5    -0.9717171717171718 2 5 -5
481    0.00606060606060606 2 5 -4    -0.6171717171717171 2 5 -4
482    0.00606060606060606 2 5 -3    -0.12222222222222223 2 5 -3
483    0.00606060606060606 2 5 -2    0.0 2 5 -2
484    0.00606060606060606 2 5 -1    0.0 2 5 -1
485    0.00606060606060606 3 -5 3    0.0 3 -5 3
486    0.00606060606060606 3 -5 4    0.00101010101010101 3 -5 4
487    0.00606060606060606 3 -5 5    -0.8949494949494949 3 -5 5
488    0.00606060606060606 3 -4 2    0.0 3 -4 2
489    0.00606060606060606 3 -4 3    0.0 3 -4 3
490    0.00606060606060606 3 -4 4    -0.8848484848484849 3 -4 4
491    0.00606060606060606 3 -4 5    -0.26565656565656565 3 -4 5
492    0.00606060606060606 3 -3 1    0.0 3 -3 1
493    0.00606060606060606 3 -3 2    0.0 3 -3 2
494    0.00606060606060606 3 -3 3    -0.8727272727272728 3 -3 3
495    0.00606060606060606 3 -3 4    -0.25555555555555554 3 -3 4
496    0.00606060606060606 3 -3 5    -0.00808080808080808 3 -3 5
497    0.00606060606060606 3 -2 0    0.0 3 -2 0
498    0.00606060606060606 3 -2 1    0.0 3 -2 1
499    0.00606060606060606 3 -2 2    -0.8727272727272729 3 -2 2
500    0.00606060606060606 3 -2 3    -0.27575757575757576 3 -2 3
501    0.00606060606060606 3 -2 4    -0.00707070707070707 3 -2 4
502    0.00606060606060606 3 -2 5    0.0 3 -2 5
503    0.00606060606060606 3 -1 -1    0.0 3 -1 -1
504    0.00606060606060606 3 -1 0    0.0 3 -1 0
505    0.00606060606060606 3 -1 1    -0.9222222222222222 3 -1 1
506    0.00606060606060606 3 -1 2    -0.2737373737373737 3 -1 2
507    0.00606060606060606 3 -1 3    -0.00707070707070707 3 -1 3
508    0.00606060606060606 3 -1 4    0.0 3 -1 4
509    0.00606060606060606 3 -1 5    0.0 3 -1 5
510    0.00606060606060606 3 0 -2    0.0 3 0 -2
511    0.00606060606060606 3 0 -1    0.0 3 0 -1
512    0.00606060606060606 3 1 -3    0.0 3 1 -3
513    0.00606060606060606 3 1 -2    0.0 3 1 -2
514    0.00606060606060606 3 1 -1    -0.9424242424242424 3 1 -1
515    0.00606060606060606 3 1 0    -0.31717171717171716 3 1 0
516    0.00606060606060606 3 1 1    -0.00505050505050505 3 1 1
517    0.00606060606060606 3 1 2    0.0 3 1 2
518    0.00606060606060606 3 2 -4    0.0 3 2 -4
519    0.00606060606060606 3 2 -3    0.0 3 2 -3
520    0.00606060606060606 3 2 -2    -0.9606060606060606 3 2 -2
521    0.00606060606060606 3 2 -1    -0.30808080808080807 3 2 -1
522    0.00606060606060606 3 2 0    -0.03333333333333333 3 2 0
523    0.00606060606060606 3 2 1    0.0 3 2 1
524    0.00606060606060606 3 3 -5    0.0 3 3 -5
525    0.00606060606060606 3 3 -4    0.00101010101010101 3 3 -4
526    0.00606060606060606 3 3 -3    -0.9909090909090909 3 3 -3
527    0.00606060606060606 3 3 -2    -0.3575757575757576 3 3 -2
528    0.00606060606060606 3 3 -1    -0.043434343434343436 3 3 -1
529    0.00606060606060606 3 3 0    0.0 3 3 0
530    0.00606060606060606 3 4 -5    -0.00808080808080808 3 4 -5
531    0.00606060606060606 3 4 -4    -0.9909090909090909 3 4 -4
532    0.00606060606060606 3 4 -3    -0.4272727272727273 3 4 -3
533    0.00606060606060606 3 4 -2    -0.04141414141414142 3 4 -2
534    0.00606060606060606 3 4 -1    0.0 3 4 -1
535    0.00606060606060606 3 5 -5    -0.9797979797979797 3 5 -5
536    0.00606060606060606 3 5 -4    -0.44343434343434335 3 5 -4
537    0.00606060606060606 3 5 -3    -0.06969696969696969 3 5 -3
538    0.00606060606060606 3 5 -2    0.0 3 5 -2
539    0.00606060606060606 3 5 -1    0.0 3 5 -1
540    0.00606060606060606 4 -5 3    0.0 4 -5 3
541    0.00606060606060606 4 -5 4    -0.031313131313131314 4 -5 4
542    0.00606060606060606 4 -5 5    -0.7080808080808082 4 -5 5
543    0.00606060606060606 4 -4 2    0.0 4 -4 2
544    0.00606060606060606 4 -4 3    -0.02323232323232323 4 -4 3
545    0.00606060606060606 4 -4 4    -0.7161616161616162 4 -4 4
546    0.00606060606060606 4 -4 5    -0.1212121212121212 4 -4 5
547    0.00606060606060606 4 -3 1    0.0 4 -3 1
548    0.00606060606060606 4 -3 2    -0.00909090909090909 4 -3 2
549    0.00606060606060606 4 -3 3    -0.7232323232323232 4 -3 3
550    0.00606060606060606 4 -3 4    -0.1414141414141414 4 -3 4
551    0.00606060606060606 4 -3 5    0.0 4 -3 5
552    0.00606060606060606 4 -2 0    0.0 4 -2 0
553    0.00606060606060606 4 -2 1    0.0 4 -2 1
554    0.00606060606060606 4 -2 2    -0.7404040404040404 4 -2 2
555    0.00606060606060606 4 -2 3    -0.16666666666666666 4 -2 3
556    0.00606060606060606 4 -2 4    0.0 4 -2 4
557    0.00606060606060606 4 -2 5    0.0 4 -2 5
558    0.00606060606060606 4 -1 -1    0.0 4 -1 -1
559    0.00606060606060606 4 -1 0    -0.044444444444444446 4 -1 0
560    0.00606060606060606 4 -1 1    -0.7606060606060607 4 -1 1
561    0.00606060606060606 4 -1 2    -0.16565656565656567 4 -1 2
562    0.00606060606060606 4 -1 3    -0.00909090909090909 4 -1 3
563    0.00606060606060606 4 -1 4    0.0 4 -1 4
564    0.00606060606060606 4 -1 5    0.0 4 -1 5
565    0.00606060606060606 4 0 -2    0.0 4 0 -2
566    0.00606060606060606 4 0 -1    -0.09494949494949494 4 0 -1
567    0.00606060606060606 4 0 0    -0.8212121212121212 4 0 0
568    0.00606060606060606 4 0 1    -0.19393939393939394 4 0 1
569    0.00606060606060606 4 0 2    -0.00909090909090909 4 0 2
570    0.00606060606060606 4 0 3    0.0 4 0 3
571    0.00606060606060606 4 1 -3    0.0 4 1 -3
572    0.00606060606060606 4 1 -2    -0.08888888888888889 4 1 -2
573    0.00606060606060606 4 1 -1    -0.8686868686868686 4 1 -1
574    0.00606060606060606 4 1 0    -0.2212121212121212 4 1 0
575    0.00606060606060606 4 1 1    -0.00808080808080808 4 1 1
576    0.00606060606060606 4 1 2    0.0 4 1 2
577    0.00606060606060606 4 2 -4    0.0 4 2 -4
578    0.00606060606060606 4 2 -3    -0.05959595959595959 4 2 -3
579    0.00606060606060606 4 2 -2    -0.895959595959596 4 2 -2
580    0.00606060606060606 4 2 -1    -0.29292929292929293 4 2 -1
581    0.00606060606060606 4 2 0    -0.01616161616161616 4 2 0
582    0.00606060606060606 4 2 1    0.0 4 2 1
583    0.00606060606060606 4 3 -5    0.0 4 3 -5
584    0.00606060606060606 4 3 -4    -0.05555555555555555 4 3 -4
585    0.00606060606060606 4 3 -3    -0.9151515151515152 4 3 -3
586    0.00606060606060606 4 3 -2    -0.29292929292929293 4 3 -2
587    0.00606060606060606 4 3 -1    0.0030303030303030303 4 3 -1
588    0.00606060606060606 4 3 0    0.0 4 3 0
589    0.00606060606060606 4 4 -5    -0.06666666666666667 4 4 -5
590    0.00606060606060606 4 4 -4    -0.8868686868686868 4 4 -4
591    0.00606060606060606 4 4 -3    -0.3313131313131314 4 4 -3
592    0.00606060606060606 4 4 -2    -0.025252525252525252 4 4 -2
593    0.00606060606060606 4 4 -1    0.0 4 4 -1
594    0.00606060606060606 4 5 -5    -0.9323232323232323 4 5 -5
595    0.00606060606060606 4 5 -4    -0.3676767676767677 4 5 -4
596    0.00606060606060606 4 5 -3    -0.05151515151515152 4 5 -3
597    0.00606060606060606 4 5 -2    0.0 4 5 -2
598    0.00606060606060606 4 5 -1    0.0 4 5 -1
599    0.00606060606060606 5 -5 3    0.0 5 -5 3
600    0.00606060606060606 5 -5 4    -0.9696969696969696 5 -5 4
601    0.00606060606060606 5 -5 5    -0.48181818181818187 5 -5 5
602    0.00606060606060606 5 -4 2    0.0 5 -4 2
603    0.00606060606060606 5 -4 3    -0.9999999999999999 5 -4 3
604    0.00606060606060606 5 -4 4    -0.5202020202020202 5 -4 4
605    0.00606060606060606 5 -4 5    -0.08686868686868687 5 -4 5
606    0.00606060606060606 5 -3 1    0.0 5 -3 1
607    0.00606060606060606 5 -3 2    -0.9898989898989897 5 -3 2
608    0.00606060606060606 5 -3 3    -0.5575757575757576 5 -3 3
609    0.00606060606060606 5 -3 4    -0.08585858585858586 5 -3 4
610    0.00606060606060606 5 -3 5    0.0 5 -3 5
611    0.00606060606060606 5 -2 0    0.0 5 -2 0
612    0.00606060606060606 5 -2 1    -0.9999999999999999 5 -2 1
613    0.00606060606060606 5 -2 2    -0.5878787878787879 5 -2 2
614    0.00606060606060606 5 -2 3    -0.08686868686868687 5 -2 3
615    0.00606060606060606 5 -2 4    0.0 5 -2 4
616    0.00606060606060606 5 -2 5    0.0 5 -2 5
617    0.00606060606060606 5 -1 -1    0.0 5 -1 -1
618    0.00606060606060606 5 -1 0    -0.9999999999999999 5 -1 0
619    0.00606060606060606 5 -1 1    -0.6121212121212121 5 -1 1
620    0.00606060606060606 5 -1 2    -0.09292929292929293 5 -1 2
621    0.00606060606060606 5 -1 3    0.0 5 -1 3
622    0.00606060606060606 5 -1 4    0.0 5 -1 4
623    0.00606060606060606 5 -1 5    0.0 5 -1 5
624    0.00606060606060606 5 0 -2    0.0 5 0 -2
625    0.00606060606060606 5 0 -1    -0.9909090909090909 5 0 -1
626    0.00606060606060606 5 0 0    -0.6565656565656566 5 0 0
627    0.00606060606060606 5 0 1    -0.11212121212121214 5 0 1
628    0.00606060606060606 5 0 2    0.0 5 0 2
629    0.00606060606060606 5 1 -3    0.0 5 1 -3
630    0.00606060606060606 5 1 -2    -0.9909090909090909 5 1 -2
631    0.00606060606060606 5 1 -1    -0.6898989898989899 5 1 -1
632    0.00606060606060606 5 1 0    -0.11111111111111112 5 1 0
633    0.00606060606060606 5 1 1    0.0 5 1 1
634    0.00606060606060606 5 2 -4    0.0 5 2 -4
635    0.00606060606060606 5 2 -3    -0.9808080808080808 5 2 -3
636    0.00606060606060606 5 2 -2    -0.7444444444444445 5 2 -2
637    0.00606060606060606 5 2 -1    -0.16565656565656567 5 2 -1
638    0.00606060606060606 5 2 0    -0.00909090909090909 5 2 0
639    0.00606060606060606 5 2 1    0.0 5 2 1
640    0.00606060606060606 5 3 -5    0.0 5 3 -5
641    0.00606060606060606 5 3 -4    -0.9444444444444445 5 3 -4
642    0.00606060606060606 5 3 -3    -0.813131313131313 5 3 -3
643    0.00606060606060606 5 3 -2    -0.19292929292929295 5 3 -2
644    0.00606060606060606 5 3 -1    0.00101010101010101 5 3 -1
645    0.00606060606060606 5 3 0    0.0 5 3 0
646    0.00606060606060606 5 4 -5    -0.8757575757575758 5 4 -5
647    0.00606060606060606 5 4 -4    -0.7616161616161616 5 4 -4
648    0.00606060606060606 5 4 -3    -0.25757575757575757 5 4 -3
649    0.00606060606060606 5 4 -2    0.0030303030303030303 5 4 -2
650    0.00606060606060606 5 4 -1    0.0 5 4 -1
651    0.00606060606060606 5 5 -5    -0.81010101010101 5 5 -5
652    0.00606060606060606 5 5 -4    -0.27474747474747474 5 5 -4
653    0.00606060606060606 5 5 -3    -0.01616161616161616 5 5 -3
654    0.00606060606060606 5 5 -2    0.0 5 5 -2
655    0.00606060606060606 5 5 -1    0.0 5 5 -1
1    -1 3.366769395084667 -9.503548660605704 8.507179227095495    0.01616161616161616 3.366769395084667 -9.503548660605704 8.507179227095495
1    -1 3.366769395084667 -9.503548660605704 8.507179227095495    0.01616161616161616 3.366769395084667 -9.503548660605704 8.507179227095495
1    -1 3.456302388796793 -8.851734782864286 7.86438522231963    0.015151515151515152 3.456302388796793 -8.851734782864286 7.86438522231963
1    -1 3.456302388796793 -8.851734782864286 7.86438522231963    0.015151515151515152 3.456302388796793 -8.851734782864286 7.86438522231963
1    -1 3.456302388796793 -8.851734782864286 7.86438522231963    0.015151515151515152 3.456302388796793 -8.851734782864286 7.86438522231963
1    -1 3.456302388796793 -8.851734782864286 7.86438522231963    0.0 3.456302388796793 -8.851734782864286 7.86438522231963
1    -1 3.456302388796793 -8.851734782864286 7.86438522231963    0.014141414141414139 3.456302388796793 -8.851734782864286 7.86438522231963
1    -1 3.456302388796793 -8.851734782864286 7.86438522231963    0.014141414141414139 3.456302388796793 -8.851734782864286 7.86438522231963
1    -1 -9 -7 9    0.003030303030303029 -9 -7 9
1    -1 -10 -8 10    -0.0030303030303030307 -10 -8 10
2    -0.0030303030303030307 -10 -7 9    -0.00202020202020202 -10 -7 9
3    -0.00202020202020202 -10 -7 10    -0.592929292929293 -10 -7 10
4    -0.00202020202020202 -10 -6 8    -0.00202020202020202 -10 -6 8
5    -0.00202020202020202 -10 -6 9    -0.6464646464646464 -10 -6 9
6    -0.00202020202020202 -10 -6 10    -0.3878787878787879 -10 -6 10
7    -0.00202020202020202 -10 -5 7    -0.007070707070707071 -10 -5 7
8    -0.00202020202020202 -10 -5 8    -0.6797979797979797 -10 -5 8
9    -0.00202020202020202 -10 -5 9    -0.41515151515151516 -10 -5 9
10    -0.00202020202020202 -10 -5 10    -0.057575757575757586 -10 -5 10
11    -0.00202020202020202 -10 -4 6    -0.00404040404040404 -10 -4 6
12    -0.00202020202020202 -10 -4 7    -0.8464646464646464 -10 -4 7
13    -0.00202020202020202 -10 -4 8    -0.38888888888888884 -10 -4 8
14    -0.00202020202020202 -10 -4 9    -0.051515151515151514 -10 -4 9
15    -0.00202020202020202 -10 -4 10    -0.00909090909090909 -10 -4 10
16    -0.00202020202020202 -10 -3 5    0.00505050505050505 -10 -3 5
17    0.00505050505050505 -10 -3 6    -0.8252525252525252 -10 -3 6
18    0.00505050505050505 -10 -3 7    -0.3808080808080808 -10 -3 7
19    0.00505050505050505 -10 -3 8    -0.0606060606060606 -10 -3 8
20    0.00505050505050505 -10 -3 9    -0.00909090909090909 -10 -3 9
21    0.00505050505050505 -10 -3 10    0.0 -10 -3 10
22    0.00505050505050505 -10 -2 4    0.00303030303030303 -10 -2 4
23    0.00505050505050505 -10 -2 5    -0.904040404040404 -10 -2 5
24    0.00505050505050505 -10 -2 6    -0.3707070707070707 -10 -2 6
25    0.00505050505050505 -10 -2 7    -0.0808080808080808 -10 -2 7
26    0.00505050505050505 -10 -2 8    -0.00909090909090909 -10 -2 8
27    0.00505050505050505 -10 -2 9    0.0 -10 -2 9
28    0.00505050505050505 -10 -2 10    0.0 -10 -2 10
29    0.00505050505050505 -10 -1 3    0.0030303030303030303 -10 -1 3
30    0.00505050505050505 -10 -1 4    -0.9707070707070706 -10 -1 4
31    0.00505050505050505 -10 -1 5    -0.3535353535353536 -10 -1 5
32    0.00505050505050505 -10 -1 6    -0.045454545454545456 -10 -1 6
33    0.00505050505050505 -10 -1 7    0.0 -10 -1 7
34    0.00505050505050505 -10 -1 8    0.0 -10 -1 8
35    0.00505050505050505 -10 -1 9    0.0 -10 -1 9
36    0.00505050505050505 -10 -1 10    0.0 -10 -1 10
37    0.00505050505050505 -10 0 2    0.00101010101010101 -10 0 2
38    0.00505050505050505 -10 0 3    -0.9898989898989897 -10 0 3
39    0.00505050505050505 -10 0 4    -0.33434343434343433 -10 0 4
40    0.00505050505050505 -10 0 5    -0.045454545454545456 -10 0 5
41    0.00505050505050505 -10 0 6    0.0 -10 0 6
42    0.00505050505050505 -10 0 7    0.0 -10 0 7
43    0.00505050505050505 -10 0 8    0.0 -10 0 8
44    0.00505050505050505 -10 0 9    0.0 -10 0 9
45    0.00505050505050505 -10 0 10    0.0 -10 0 10
46    0.00505050505050505 -10 1 1    0.0 -10 1 1
47    0.00505050505050505 -10 1 2    -0.9808080808080808 -10 1 2
48    0.00505050505050505 -10 1 3    -0.35353535353535354 -10 1 3
49    0.00505050505050505 -10 1 4    -0.05353535353535354 -10 1 4
50    0.00505050505050505 -10 1 5    0.0 -10 1 5
51    0.00505050505050505 -10 1 6    0.0 -10 1 6
52    0.00505050505050505 -10 1 7    0.0 -10 1 7
53    0.00505050505050505 -10 1 8    0.0 -10 1 8
54    0.00505050505050505 -10 1 9    0.0 -10 1 9
55    0.00505050505050505 -10 1 10    0.0 -10 1 10
56    0.00505050505050505 -10 2 0    0.0 -10 2 0
57    0.00505050505050505 -10 2 1    -0.9898989898989898 -10 2 1
58    0.00505050505050505 -10 2 2    -0.34444444444444444 -10 2 2
59    0.00505050505050505 -10 2 3    -0.044444444444444446 -10 2 3
60    0.00505050505050505 -10 2 4    0.0 -10 2 4
61    0.00505050505050505 -10 2 5    0.0 -10 2 5
62    0.00505050505050505 -10 2 6    0.0 -10 2 6
63    0.00505050505050505 -10 2 7    0.0 -10 2 7
64    0.00505050505050505 -10 2 8    0.0 -10 2 8
65    0.00505050505050505 -10 2 9    0.0 -10 2 9
66    0.00505050505050505 -10 2 10    0.0 -10 2 10
67    0.00505050505050505 -10 3 -1    0.0 -10 3 -1
68    0.00505050505050505 -10 3 0    -0.9999999999999999 -10 3 0
69    0.00505050505050505 -10 3 1    -0.3818181818181818 -10 3 1
70    0.00505050505050505 -10 3 2    -0.05353535353535354 -10 3 2
71    0.00505050505050505 -10 3 3    0.0 -10 3 3
72    0.00505050505050505 -10 3 4    0.0 -10 3 4
73    0.00505050505050505 -10 3 5    0.0 -10 3 5
74    0.00505050505050505 -10 3 6    0.0 -10 3 6
75    0.00505050505050505 -10 3 7    0.0 -10 3 7
76    0.00505050505050505 -10 3 8    0.0 -10 3 8
77    0.00505050505050505 -10 3 9    0.0 -10 3 9
78    0.00505050505050505 -10 3 10    0.0 -10 3 10
79    0.00505050505050505 -10 4 -2    0.0 -10 4 -2
80    0.00505050505050505 -10 4 -1    -0.9999999999999999 -10 4 -1
81    0.00505050505050505 -10 4 0    -0.41010101010101013 -10 4 0
82    0.00505050505050505 -10 4 1    -0.03333333333333333 -10 4 1
83    0.00505050505050505 -10 4 2    0.0 -10 4 2
84    0.00505050505050505 -10 4 3    0.0 -10 4 3
85    0.00505050505050505 -10 4 4    0.0 -10 4 4
86    0.00505050505050505 -10 4 5    0.0 -10 4 5
87    0.00505050505050505 -10 4 6    0.0 -10 4 6
88    0.00505050505050505 -10 4 7    0.0 -10 4 7
89    0.00505050505050505 -10 4 8    0.0 -10 4 8
90    0.00505050505050505 -10 4 9    0.0 -10 4 9
91    0.00505050505050505 -10 4 10    0.0 -10 4 10
92    0.00505050505050505 -10 5 -3    0.0 -10 5 -3
93    0.00505050505050505 -10 5 -2    -0.9999999999999999 -10 5 -2
94    0.00505050505050505 -10 5 -1    -0.41919191919191917 -10 5 -1
95    0.00505050505050505 -10 5 0    -0.02323232323232323 -10 5 0
96    0.00505050505050505 -10 5 1    0.0 -10 5 1
97    0.00505050505050505 -10 5 2    0.0 -10 5 2
98    0.00505050505050505 -10 5 3    0.0 -10 5 3
99    0.00505050505050505 -10 5 4    0.0 -10 5 4
100    0.00505050505050505 -10 5 5    0.0 -10 5 5
101    0.00505050505050505 -10 5 6    0.0 -10 5 6
102    0.00505050505050505 -10 5 7    0.0 -10 5 7
103    0.00505050505050505 -10 5 8    0.0 -10 5 8
104    0.00505050505050505 -10 5 9    0.0 -10 5 9
105    0.00505050505050505 -10 5 10    0.0 -10 5 10
106    0.00505050505050505 -10 6 -4    0.0 -10 6 -4
107    0.00505050505050505 -10 6 -3    -0.9999999999999999 -10 6 -3
108    0.00505050505050505 -10 6 -2    -0.43131313131313126 -10 6 -2
109    0.00505050505050505 -10 6 -1    -0.0393939393939394 -10 6 -1
110    0.00505050505050505 -10 6 0    0.0 -10 6 0
111    0.00505050505050505 -10 6 1    0.0 -10 6 1
112    0.00505050505050505 -10 6 2    0.0 -10 6 2
113    0.00505050505050505 -10 6 3    0.0 -10 6 3
114    0.00505050505050505 -10 6 4    0.0 -10 6 4
115    0.00505050505050505 -10 6 5    0.0 -10 6 5
116    0.00505050505050505 -10 6 6    0.0 -10 6 6
117    0.00505050505050505 -10 6 7    0.0 -10 6 7
118    0.00505050505050505 -10 6 8    0.0 -10 6 8
119    0.00505050505050505 -10 6 9    0.0 -10 6 9
120    0.00505050505050505 -10 6 10    0.0 -10 6 10
121    0.00505050505050505 -10 7 -5    0.0 -10 7 -5
122    0.00505050505050505 -10 7 -4    -0.9999999999999999 -10 7 -4
123    0.00505050505050505 -10 7 -3    -0.42929292929292934 -10 7 -3
124    0.00505050505050505 -10 7 -2    -0.058585858585858595 -10 7 -2
125    0.00505050505050505 -10 7 -1    0.0 -10 7 -1
126    0.00505050505050505 -10 7 0    0.0 -10 7 0
127    0.00505050505050505 -10 7 1    0.0 -10 7 1
128    0.00505050505050505 -10 7 2    0.0 -10 7 2
129    0.00505050505050505 -10 7 3    0.0 -10 7 3
130    0.00505050505050505 -10 7 4    0.0 -10 7 4
131    0.00505050505050505 -10 7 5    0.0 -10 7 5
132    0.00505050505050505 -10 7 6    0.0 -10 7 6
133    0.00505050505050505 -10 7 7    0.0 -10 7 7
134    0.00505050505050505 -10 7 8    0.0 -10 7 8
135    0.00505050505050505 -10 7 9    0.0 -10 7 9
136    0.00505050505050505 -10 7 10    0.0 -10 7 10
137    0.00505050505050505 -10 8 -6    0.0 -10 8 -6
138    0.00505050505050505 -10 8 -5    -0.9999999999999999 -10 8 -5
139    0.00505050505050505 -10 8 -4    -0.49191919191919203 -10 8 -4
140    0.00505050505050505 -10 8 -3    -0.06868686868686869 -10 8 -3
141    0.00505050505050505 -10 8 -2    0.0 -10 8 -2
142    0.00505050505050505 -10 8 -1    0.0 -10 8 -1
143    0.00505050505050505 -10 8 0    0.0 -10 8 0
144    0.00505050505050505 -10 8 1    0.0 -10 8 1
145    0.00505050505050505 -10 8 2    0.0 -10 8 2
146    0.00505050505050505 -10 8 3    0.0 -10 8 3
147    0.00505050505050505 -10 8 4    0.0 -10 8 4
148    0.00505050505050505 -10 8 5    0.0 -10 8 5
149    0.00505050505050505 -10 8 6    0.0 -10 8 6
150    0.00505050505050505 -10 8 7    0.0 -10 8 7
151    0.00505050505050505 -10 8 8    0.0 -10 8 8
152    0.00505050505050505 -10 8 9    0.0 -10 8 9
153    0.00505050505050505 -10 8 10    0.0 -10 8 10
154    0.00505050505050505 -10 9 -7    0.0 -10 9 -7
155    0.00505050505050505 -10 9 -6    -0.9999999999999999 -10 9 -6
156    0.00505050505050505 -10 9 -5    -0.5444444444444446 -10 9 -5
157    0.00505050505050505 -10 9 -4    -0.08282828282828283 -10 9 -4
158    0.00505050505050505 -10 9 -3    0.0 -10 9 -3
159    0.00505050505050505 -10 9 -2    0.0 -10 9 -2
160    0.00505050505050505 -10 9 -1    0.0 -10 9 -1
161    0.00505050505050505 -10 9 0    0.0 -10 9 0
162    0.00505050505050505 -10 9 1    0.0 -10 9 1
163    0.00505050505050505 -10 9 2    0.0 -10 9 2
164    0.00505050505050505 -10 9 3    0.0 -10 9 3
165    0.00505050505050505 -10 9 4    0.0 -10 9 4
166    0.00505050505050505 -10 9 5    0.0 -10 9 5
167    0.00505050505050505 -10 9 6    0.0 -10 9 6
168    0.00505050505050505 -10 9 7    0.0 -10 9 7
169    0.00505050505050505 -10 9 8    0.0 -10 9 8
170    0.00505050505050505 -10 9 9    0.0 -10 9 9
171    0.00505050505050505 -10 9 10    0.0 -10 9 10
172    0.00505050505050505 -10 10 -8    0.0 -10 10 -8
173    0.00505050505050505 -10 10 -7    -0.9999999999999999 -10 10 -7
174    0.00505050505050505 -10 10 -6    -0.6101010101010101 -10 10 -6
175    0.00505050505050505 -10 10 -5    -0.08484848484848485 -10 10 -5
176    0.00505050505050505 -10 10 -4    0.0 -10 10 -4
177    0.00505050505050505 -10 10 -3    0.0 -10 10 -3
178    0.00505050505050505 -10 10 -2    0.0 -10 10 -2
179    0.00505050505050505 -10 10 -1    0.0 -10 10 -1
180    0.00505050505050505 -10 10 0    0.0 -10 10 0
181    0.00505050505050505 -10 10 1    0.0 -10 10 1
182    0.00505050505050505 -10 10 2    0.0 -10 10 2
183    0.00505050505050505 -10 10 3    0.0 -10 10 3
184    0.00505050505050505 -10 10 4    0.0 -10 10 4
185    0.00505050505050505 -10 10 5    0.0 -10 10 5
186    0.00505050505050505 -10 10 6    0.0 -10 10 6
187    0.00505050505050505 -10 10 7    0.0 -10 10 7
188    0.00505050505050505 -10 10 8    0.0 -10 10 8
189    0.00505050505050505 -10 10 9    0.0 -10 10 9
190    0.00505050505050505 -10 10 10    0.0 -10 10 10
191    0.00505050505050505 -9 -9 10    0.0 -9 -9 10
192    0.00505050505050505 -9 -8 9    0.0 -9 -8 9
193    0.00505050505050505 -9 -8 10    0.0030303030303030307 -9 -8 10
194    0.00505050505050505 -9 -7 8    0.00101010101010101 -9 -7 8
195    0.00505050505050505 -9 -7 10    -0.6191919191919192 -9 -7 10
196    0.00505050505050505 -9 -6 7    0.00101010101010101 -9 -6 7
197    0.00505050505050505 -9 -6 8    0.0010101010101010097 -9 -6 8
198    0.00505050505050505 -9 -6 9    -0.6606060606060606 -9 -6 9
199    0.00505050505050505 -9 -6 10    -0.301010101010101 -9 -6 10
200    0.00505050505050505 -9 -5 6    0.0 -9 -5 6
201    0.00505050505050505 -9 -5 8    -0.7383838383838383 -9 -5 8
202    0.00505050505050505 -9 -5 10    -0.026262626262626262 -9 -5 10
203    0.00505050505050505 -9 -4 5    0.0 -9 -4 5
204    0.00505050505050505 -9 -4 6    0.004040404040404042 -9 -4 6
205    0.00505050505050505 -9 -4 7    -0.788888888888889 -9 -4 7
206    0.00505050505050505 -9 -4 8    -0.27878787878787875 -9 -4 8
207    0.00505050505050505 -9 -4 9    -0.01717171717171717 -9 -4 9
208    0.00505050505050505 -9 -4 10    -0.00909090909090909 -9 -4 10
209    0.00505050505050505 -9 -3 4    0.0 -9 -3 4
210    0.00505050505050505 -9 -3 6    -0.8949494949494948 -9 -3 6
211    0.00505050505050505 -9 -3 8    -0.01717171717171717 -9 -3 8
212    0.00505050505050505 -9 -3 10    0.0 -9 -3 10
213    0.00505050505050505 -9 -2 3    0.0 -9 -2 3
214    0.00505050505050505 -9 -2 4    -0.02121212121212121 -9 -2 4
215    0.00505050505050505 -9 -2 5    -0.8747474747474746 -9 -2 5
216    0.00505050505050505 -9 -2 6    -0.2636363636363636 -9 -2 6
217    0.00505050505050505 -9 -2 7    -0.01818181818181818 -9 -2 7
218    0.00505050505050505 -9 -2 8    0.0 -9 -2 8
219    0.00505050505050505 -9 -2 9    0.0 -9 -2 9
220    0.00505050505050505 -9 -2 10    0.0 -9 -2 10
221    0.00505050505050505 -9 -1 2    0.0 -9 -1 2
222    0.00505050505050505 -9 -1 4    -0.9040404040404041 -9 -1 4
223    0.00505050505050505 -9 -1 6    -0.01818181818181818 -9 -1 6
224    0.00505050505050505 -9 -1 8    0.0 -9 -1 8
225    0.00505050505050505 -9 -1 10    0.0 -9 -1 10
226    0.00505050505050505 -9 0 1    0.0 -9 0 1
227    0.00505050505050505 -9 0 2    0.00505050505050505 -9 0 2
228    0.00505050505050505 -9 0 3    -0.8757575757575758 -9 0 3
229    0.00505050505050505 -9 0 4    -0.2444444444444444 -9 0 4
230    0.00505050505050505 -9 0 5    -0.00808080808080808 -9 0 5
231    0.00505050505050505 -9 0 6    0.0 -9 0 6
232    0.00505050505050505 -9 0 7    0.0 -9 0 7
233    0.00505050505050505 -9 0 8    0.0 -9 0 8
234    0.00505050505050505 -9 0 9    0.0 -9 0 9
235    0.00505050505050505 -9 0 10    0.0 -9 0 10
236    0.00505050505050505 -9 1 0    0.0 -9 1 0
237    0.00505050505050505 -9 1 2    -0.8939393939393939 -9 1 2
238    0.00505050505050505 -9 1 4    -0.00909090909090909 -9 1 4
239    0.00505050505050505 -9 1 6    0.0 -9 1 6
240    0.00505050505050505 -9 1 8    0.0 -9 1 8
241    0.00505050505050505 -9 1 10    0.0 -9 1 10
242    0.00505050505050505 -9 2 -1    0.0 -9 2 -1
243    0.00505050505050505 -9 2 0    0.0 -9 2 0
244    0.00505050505050505 -9 2 1    -0.893939393939394 -9 2 1
245    0.00505050505050505 -9 2 2    -0.28484848484848485 -9 2 2
246    0.00505050505050505 -9 2 3    -0.00808080808080808 -9 2 3
247    0.00505050505050505 -9 2 4    0.0 -9 2 4
248    0.00505050505050505 -9 2 5    0.0 -9 2 5
249    0.00505050505050505 -9 2 6    0.0 -9 2 6
250    0.00505050505050505 -9 2 7    0.0 -9 2 7
251    0.00505050505050505 -9 2 8    0.0 -9 2 8
252    0.00505050505050505 -9 2 9    0.0 -9 2 9
253    0.00505050505050505 -9 2 10    0.0 -9 2 10
254    0.00505050505050505 -9 3 -2    0.0 -9 3 -2
255    0.00505050505050505 -9 3 0    -0.9121212121212121 -9 3 0
256    0.00505050505050505 -9 3 2    -0.00808080808080808 -9 3 2
257    0.00505050505050505 -9 3 4    0.0 -9 3 4
258    0.00505050505050505 -9 3 6    0.0 -9 3 6
259    0.00505050505050505 -9 3 8    0.0 -9 3 8
260    0.00505050505050505 -9 3 10    0.0 -9 3 10
261    0.00505050505050505 -9 4 -3    0.0 -9 4 -3
262    0.00505050505050505 -9 4 -2    0.0 -9 4 -2
263    0.00505050505050505 -9 4 -1    -0.9020202020202019 -9 4 -1
264    0.00505050505050505 -9 4 0    -0.2818181818181818 -9 4 0
265    0.00505050505050505 -9 4 1    -0.00707070707070707 -9 4 1
266    0.00505050505050505 -9 4 2    0.0 -9 4 2
267    0.00505050505050505 -9 4 3    0.0 -9 4 3
268    0.00505050505050505 -9 4 4    0.0 -9 4 4
269    0.00505050505050505 -9 4 5    0.0 -9 4 5
270    0.00505050505050505 -9 4 6    0.0 -9 4 6
271    0.00505050505050505 -9 4 7    0.0 -9 4 7
272    0.00505050505050505 -9 4 8    0.0 -9 4 8
273    0.00505050505050505 -9 4 9    0.0 -9 4 9
274    0.00505050505050505 -9 4 10    0.0 -9 4 10
275    0.00505050505050505 -9 5 -4    0.0 -9 5 -4
276    0.00505050505050505 -9 5 -2    -0.9222222222222223 -9 5 -2
277    0.00505050505050505 -9 5 0    -0.00808080808080808 -9 5 0
278    0.00505050505050505 -9 5 2    0.0 -9 5 2
279    0.00505050505050505 -9 5 4    0.0 -9 5 4
280    0.00505050505050505 -9 5 6    0.0 -9 5 6
281    0.00505050505050505 -9 5 8    0.0 -9 5 8
282    0.00505050505050505 -9 5 10    0.0 -9 5 10
283    0.00505050505050505 -9 6 -5    0.0 -9 6 -5
284    0.00505050505050505 -9 6 -4    0.0 -9 6 -4
285    0.00505050505050505 -9 6 -3    -0.9424242424242424 -9 6 -3
286    0.00505050505050505 -9 6 -2    -0.3090909090909091 -9 6 -2
287    0.00505050505050505 -9 6 -1    -0.00707070707070707 -9 6 -1
288    0.00505050505050505 -9 6 0    0.0 -9 6 0
289    0.00505050505050505 -9 6 1    0.0 -9 6 1
290    0.00505050505050505 -9 6 2    0.0 -9 6 2
291    0.00505050505050505 -9 6 3    0.0 -9 6 3
292    0.00505050505050505 -9 6 4    0.0 -9 6 4
293    0.00505050505050505 -9 6 5    0.0 -9 6 5
294    0.00505050505050505 -9 6 6    0.0 -9 6 6
295    0.00505050505050505 -9 6 7    0.0 -9 6 7
296    0.00505050505050505 -9 6 8    0.0 -9 6 8
297    0.00505050505050505 -9 6 9    0.0 -9 6 9
298    0.00505050505050505 -9 6 10    0.0 -9 6 10
299    0.00505050505050505 -9 7 -6    0.0 -9 7 -6
300    0.00505050505050505 -9 7 -4    -0.9616161616161616 -9 7 -4
301    0.00505050505050505 -9 7 -2    -0.00505050505050505 -9 7 -2
302    0.00505050505050505 -9 7 0    0.0 -9 7 0
303    0.00505050505050505 -9 7 2    0.0 -9 7 2
304    0.00505050505050505 -9 7 4    0.0 -9 7 4
305    0.00505050505050505 -9 7 6    0.0 -9 7 6
306    0.00505050505050505 -9 7 8    0.0 -9 7 8
307    0.00505050505050505 -9 7 10    0.0 -9 7 10
308    0.00505050505050505 -9 8 -7    0.0 -9 8 -7
309    0.00505050505050505 -9 8 -6    0.0 -9 8 -6
310    0.00505050505050505 -9 8 -5    -0.9909090909090909 -9 8 -5
311    0.00505050505050505 -9 8 -4    -0.3454545454545455 -9 8 -4
312    0.00505050505050505 -9 8 -3    -0.02323232323232323 -9 8 -3
313    0.00505050505050505 -9 8 -2    0.0 -9 8 -2
314    0.00505050505050505 -9 8 -1    0.0 -9 8 -1
315    0.00505050505050505 -9 8 0    0.0 -9 8 0
316    0.00505050505050505 -9 8 1    0.0 -9 8 1
317    0.00505050505050505 -9 8 2    0.0 -9 8 2
318    0.00505050505050505 -9 8 3    0.0 -9 8 3
1    -1 -10 -8 10    -0.0030303030303030307 -10 -8 10
2    -0.0030303030303030307 -10 -7 9    -0.00202020202020202 -10 -7 9
3    -0.00202020202020202 -10 -7 10    -0.592929292929293 -10 -7 10
4    -0.00202020202020202 -10 -6 8    -0.00202020202020202 -10 -6 8
5    -0.00202020202020202 -10 -6 9    -0.6464646464646464 -10 -6 9
6    -0.00202020202020202 -10 -6 10    -0.3878787878787879 -10 -6 10
7    -0.00202020202020202 -10 -5 7    -0.007070707070707071 -10 -5 7
8    -0.00202020202020202 -10 -5 8    -0.6797979797979797 -10 -5 8
9    -0.00202020202020202 -10 -5 9    -0.41515151515151516 -10 -5 9
10    -0.00202020202020202 -10 -5 10    -0.057575757575757586 -10 -5 10
11    -0.00202020202020202 -10 -4 6    -0.00404040404040404 -10 -4 6
12    -0.00202020202020202 -10 -4 7    -0.8464646464646464 -10 -4 7
13    -0.00202020202020202 -10 -4 8    -0.38888888888888884 -10 -4 8
14    -0.00202020202020202 -10 -4 9    -0.051515151515151514 -10 -4 9
15    -0.00202020202020202 -10 -4 10    -0.00909090909090909 -10 -4 10
16    -0.00202020202020202 -10 -3 5    0.00505050505050505 -10 -3 5
17    0.00505050505050505 -10 -3 6    -0.8252525252525252 -10 -3 6
18    0.00505050505050505 -10 -3 7    -0.3808080808080808 -10 -3 7
19    0.00505050505050505 -10 -3 8    -0.0606060606060606 -10 -3 8
20    0.00505050505050505 -10 -3 9    -0.00909090909090909 -10 -3 9
21    0.00505050505050505 -10 -3 10    0.0 -10 -3 10
22    0.00505050505050505 -10 -2 4    0.00303030303030303 -10 -2 4
23    0.00505050505050505 -10 -2 5    -0.904040404040404 -10 -2 5
24    0.00505050505050505 -10 -2 6    -0.3707070707070707 -10 -2 6
25    0.00505050505050505 -10 -2 7    -0.0808080808080808 -10 -2 7
26    0.00505050505050505 -10 -2 8    -0.00909090909090909 -10 -2 8
27    0.00505050505050505 -10 -2 9    0.0 -10 -2 9
28    0.00505050505050505 -10 -2 10    0.0 -10 -2 10
29    0.00505050505050505 -10 -1 3    0.0030303030303030303 -10 -1 3
30    0.00505050505050505 -10 -1 4    -0.9707070707070706 -10 -1 4
31    0.00505050505050505 -10 -1 5    -0.3535353535353536 -10 -1 5
32    0.00505050505050505 -10 -1 6    -0.045454545454545456 -10 -1 6
33    0.00505050505050505 -10 -1 7    0.0 -10 -1 7
34    0.00505050505050505 -10 -1 8    0.0 -10 -1 8
35    0.00505050505050505 -10 -1 9    0.0 -10 -1 9
36    0.00505050505050505 -10 -1 10    0.0 -10 -1 10
37    0.00505050505050505 -10 0 2    0.00101010101010101 -10 0 2
38    0.00505050505050505 -10 0 3    -0.9898989898989897 -10 0 3
39    0.00505050505050505 -10 0 4    -0.33434343434343433 -10 0 4
40    0.00505050505050505 -10 0 5    -0.045454545454545456 -10 0 5
41    0.00505050505050505 -10 0 6    0.0 -10 0 6
42    0.00505050505050505 -10 0 7    0.0 -10 0 7
43    0.00505050505050505 -10 0 8    0.0 -10 0 8
44    0.00505050505050505 -10 0 9    0.0 -10 0 9
45    0.00505050505050505 -10 0 10    0.0 -10 0 10
46    0.00505050505050505 -10 1 1    0.0 -10 1 1
47    0.00505050505050505 -10 1 2    -0.9808080808080808 -10 1 2
48    0.00505050505050505 -10 1 3    -0.35353535353535354 -10 1 3
49    0.00505050505050505 -10 1 4    -0.05353535353535354 -10 1 4
50    0.00505050505050505 -10 1 5    0.0 -10 1 5
51    0.00505050505050505 -10 1 6    0.0 -10 1 6
52    0.00505050505050505 -10 1 7    0.0 -10 1 7
53    0.00505050505050505 -10 1 8    0.0 -10 1 8
54    0.00505050505050505 -10 1 9    0.0 -10 1 9
55    0.00505050505050505 -10 1 10    0.0 -10 1 10
56    0.00505050505050505 -10 2 0    0.0 -10 2 0
57    0.00505050505050505 -10 2 1    -0.9898989898989898 -10 2 1
58    0.00505050505050505 -10 2 2    -0.34444444444444444 -10 2 2
59    0.00505050505050505 -10 2 3    -0.044444444444444446 -10 2 3
60    0.00505050505050505 -10 2 4    0.0 -10 2 4
61    0.00505050505050505 -10 2 5    0.0 -10 2 5
62    0.00505050505050505 -10 2 6    0.0 -10 2 6
63    0.00505050505050505 -10 2 7    0.0 -10 2 7
64    0.00505050505050505 -10 2 8    0.0 -10 2 8
65    0.00505050505050505 -10 2 9    0.0 -10 2 9
66    0.00505050505050505 -10 2 10    0.0 -10 2 10
67    0.00505050505050505 -10 3 -1    0.0 -10 3 -1
68    0.00505050505050505 -10 3 0    -0.9999999999999999 -10 3 0
69    0.00505050505050505 -10 3 1    -0.3818181818181818 -10 3 1
70    0.00505050505050505 -10 3 2    -0.05353535353535354 -10 3 2
71    0.00505050505050505 -10 3 3    0.0 -10 3 3
72    0.00505050505050505 -10 3 4    0.0 -10 3 4
73    0.00505050505050505 -10 3 5    0.0 -10 3 5
74    0.00505050505050505 -10 3 6    0.0 -10 3 6
75    0.00505050505050505 -10 3 7    0.0 -10 3 7
76    0.00505050505050505 -10 3 8    0.0 -10 3 8
77    0.00505050505050505 -10 3 9    0.0 -10 3 9
78    0.00505050505050505 -10 3 10    0.0 -10 3 10
79    0.00505050505050505 -10 4 -2    0.0 -10 4 -2
80    0.00505050505050505 -10 4 -1    -0.9999999999999999 -10 4 -1
81    0.00505050505050505 -10 4 0    -0.41010101010101013 -10 4 0
82    0.00505050505050505 -10 4 1    -0.03333333333333333 -10 4 1
83    0.00505050505050505 -10 4 2    0.0 -10 4 2
84    0.00505050505050505 -10 4 3    0.0 -10 4 3
85    0.00505050505050505 -10 4 4    0.0 -10 4 4
86    0.00505050505050505 -10 4 5    0.0 -10 4 5
87    0.00505050505050505 -10 4 6    0.0 -10 4 6
88    0.00505050505050505 -10 4 7    0.0 -10 4 7
89    0.00505050505050505 -10 4 8    0.0 -10 4 8
90    0.00505050505050505 -10 4 9    0.0 -10 4 9
91    0.00505050505050505 -10 4 10    0.0 -10 4 10
92    0.00505050505050505 -10 5 -3    0.0 -10 5 -3
93    0.00505050505050505 -10 5 -2    -0.9999999999999999 -10 5 -2
94    0.00505050505050505 -10 5 -1    -0.41919191919191917 -10 5 -1
95    0.00505050505050505 -10 5 0    -0.02323232323232323 -10 5 0
96    0.00505050505050505 -10 5 1    0.0 -10 5 1
97    0.00505050505050505 -10 5 2    0.0 -10 5 2
98    0.00505050505050505 -10 5 3    0.0 -10 5 3
99    0.00505050505050505 -10 5 4    0.0 -10 5 4
100    0.00505050505050505 -10 5 5    0.0 -10 5 5
101    0.00505050505050505 -10 5 6    0.0 -10 5 6
102    0.00505050505050505 -10 5 7    0.0 -10 5 7
103    0.00505050505050505 -10 5 8    0.0 -10 5 8
104    0.00505050505050505 -10 5 9    0.0 -10 5 9
105    0.00505050505050505 -10 5 10    0.0 -10 5 10
106    0.00505050505050505 -10 6 -4    0.0 -10 6 -4
107    0.00505050505050505 -10 6 -3    -0.9999999999999999 -10 6 -3
108    0.00505050505050505 -10 6 -2    -0.43131313131313126 -10 6 -2
109    0.00505050505050505 -10 6 -1    -0.0393939393939394 -10 6 -1
110    0.00505050505050505 -10 6 0    0.0 -10 6 0
111    0.00505050505050505 -10 6 1    0.0 -10 6 1
112    0.00505050505050505 -10 6 2    0.0 -10 6 2
113    0.00505050505050505 -10 6 3    0.0 -10 6 3
114    0.00505050505050505 -10 6 4    0.0 -10 6 4
115    0.00505050505050505 -10 6 5    0.0 -10 6 5
116    0.00505050505050505 -10 6 6    0.0 -10 6 6
117    0.00505050505050505 -10 6 7    0.0 -10 6 7
118    0.00505050505050505 -10 6 8    0.0 -10 6 8
119    0.00505050505050505 -10 6 9    0.0 -10 6 9
120    0.00505050505050505 -10 6 10    0.0 -10 6 10
121    0.00505050505050505 -10 7 -5    0.0 -10 7 -5
122    0.00505050505050505 -10 7 -4    -0.9999999999999999 -10 7 -4
123    0.00505050505050505 -10 7 -3    -0.42929292929292934 -10 7 -3
124    0.00505050505050505 -10 7 -2    -0.058585858585858595 -10 7 -2
125    0.00505050505050505 -10 7 -1    0.0 -10 7 -1
126    0.00505050505050505 -10 7 0    0.0 -10 7 0
127    0.00505050505050505 -10 7 1    0.0 -10 7 1
128    0.00505050505050505 -10 7 2    0.0 -10 7 2
129    0.00505050505050505 -10 7 3    0.0 -10 7 3
130    0.00505050505050505 -10 7 4    0.0 -10 7 4
131    0.00505050505050505 -10 7 5    0.0 -10 7 5
132    0.00505050505050505 -10 7 6    0.0 -10 7 6
133    0.00505050505050505 -10 7 7    0.0 -10 7 7
134    0.00505050505050505 -10 7 8    0.0 -10 7 8
135    0.00505050505050505 -10 7 9    0.0 -10 7 9
136    0.00505050505050505 -10 7 10    0.0 -10 7 10
137    0.00505050505050505 -10 8 -6    0.0 -10 8 -6
138    0.00505050505050505 -10 8 -5    -0.9999999999999999 -10 8 -5
139    0.00505050505050505 -10 8 -4    -0.49191919191919203 -10 8 -4
140    0.00505050505050505 -10 8 -3    -0.06868686868686869 -10 8 -3
141    0.00505050505050505 -10 8 -2    0.0 -10 8 -2
142    0.00505050505050505 -10 8 -1    0.0 -10 8 -1
143    0.00505050505050505 -10 8 0    0.0 -10 8 0
144    0.00505050505050505 -10 8 1    0.0 -10 8 1
145    0.00505050505050505 -10 8 2    0.0 -10 8 2
146    0.00505050505050505 -10 8 3    0.0 -10 8 3
147    0.00505050505050505 -10 8 4    0.0 -10 8 4
148    0.00505050505050505 -10 8 5    0.0 -10 8 5
149    0.00505050505050505 -10 8 6    0.0 -10 8 6
150    0.00505050505050505 -10 8 7    0.0 -10 8 7
151    0.00505050505050505 -10 8 8    0.0 -10 8 8
152    0.00505050505050505 -10 8 9    0.0 -10 8 9
153    0.00505050505050505 -10 8 10    0.0 -10 8 10
154    0.00505050505050505 -10 9 -7    0.0 -10 9 -7
155    0.00505050505050505 -10 9 -6    -0.9999999999999999 -10 9 -6
156    0.00505050505050505 -10 9 -5    -0.5444444444444446 -10 9 -5
157    0.00505050505050505 -10 9 -4    -0.08282828282828283 -10 9 -4
158    0.00505050505050505 -10 9 -3    0.0 -10 9 -3
159    0.00505050505050505 -10 9 -2    0.0 -10 9 -2
160    0.00505050505050505 -10 9 -1    0.0 -10 9 -1
161    0.00505050505050505 -10 9 0    0.0 -10 9 0
162    0.00505050505050505 -10 9 1    0.0 -10 9 1
163    0.00505050505050505 -10 9 2    0.0 -10 9 2
164    0.00505050505050505 -10 9 3    0.0 -10 9 3
165    0.00505050505050505 -10 9 4    0.0 -10 9 4
166    0.00505050505050505 -10 9 5    0.0 -10 9 5
167    0.00505050505050505 -10 9 6    0.0 -10 9 6
168    0.00505050505050505 -10 9 7    0.0 -10 9 7
169    0.00505050505050505 -10 9 8    0.0 -10 9 8
170    0.00505050505050505 -10 9 9    0.0 -10 9 9
171    0.00505050505050505 -10 9 10    0.0 -10 9 10
172    0.00505050505050505 -10 10 -8    0.0 -10 10 -8
173    0.00505050505050505 -10 10 -7    -0.9999999999999999 -10 10 -7
174    0.00505050505050505 -10 10 -6    -0.6101010101010101 -10 10 -6
175    0.00505050505050505 -10 10 -5    -0.08484848484848485 -10 10 -5
176    0.00505050505050505 -10 10 -4    0.0 -10 10 -4
177    0.00505050505050505 -10 10 -3    0.0 -10 10 -3
178    0.00505050505050505 -10 10 -2    0.0 -10 10 -2
179    0.00505050505050505 -10 10 -1    0.0 -10 10 -1
180    0.00505050505050505 -10 10 0    0.0 -10 10 0
181    0.00505050505050505 -10 10 1    0.0 -10 10 1
182    0.00505050505050505 -10 10 2    0.0 -10 10 2
183    0.00505050505050505 -10 10 3    0.0 -10 10 3
184    0.00505050505050505 -10 10 4    0.0 -10 10 4
185    0.00505050505050505 -10 10 5    0.0 -10 10 5
186    0.00505050505050505 -10 10 6    0.0 -10 10 6
187    0.00505050505050505 -10 10 7    0.0 -10 10 7
188    0.00505050505050505 -10 10 8    0.0 -10 10 8
189    0.00505050505050505 -10 10 9    0.0 -10 10 9
190    0.00505050505050505 -10 10 10    0.0 -10 10 10
191    0.00505050505050505 -9 -9 10    0.0 -9 -9 10
1    -1 -10 -8 10    -0.0030303030303030307 -10 -8 10
2    -0.0030303030303030307 -10 -6 8    -0.00202020202020202 -10 -6 8
3    -0.00202020202020202 -10 -6 10    -0.3878787878787879 -10 -6 10
4    -0.00202020202020202 -10 -4 6    -0.00404040404040404 -10 -4 6
5    -0.00202020202020202 -10 -4 8    -0.38888888888888884 -10 -4 8
6    -0.00202020202020202 -10 -4 10    -0.00909090909090909 -10 -4 10
7    -0.00202020202020202 -10 -2 4    0.00303030303030303 -10 -2 4
8    0.00303030303030303 -10 -2 6    -0.3707070707070707 -10 -2 6
9    0.00303030303030303 -10 -2 8    -0.00909090909090909 -10 -2 8
10    0.00303030303030303 -10 -2 10    0.0 -10 -2 10
11    0.00303030303030303 -10 0 2    0.00101010101010101 -10 0 2
12    0.00303030303030303 -10 0 4    -0.33434343434343433 -10 0 4
13    0.00303030303030303 -10 0 6    0.0 -10 0 6
14    0.00303030303030303 -10 0 8    0.0 -10 0 8
15    0.00303030303030303 -10 0 10    0.0 -10 0 10
16    0.00303030303030303 -10 2 0    0.0 -10 2 0
17    0.00303030303030303 -10 2 2    -0.34444444444444444 -10 2 2
18    0.00303030303030303 -10 2 4    0.0 -10 2 4
19    0.00303030303030303 -10 2 6    0.0 -10 2 6
20    0.00303030303030303 -10 2 8    0.0 -10 2 8
21    0.00303030303030303 -10 2 10    0.0 -10 2 10
22    0.00303030303030303 -10 4 -2    0.0 -10 4 -2
23    0.00303030303030303 -10 4 0    -0.41010101010101013 -10 4 0
24    0.00303030303030303 -10 4 2    0.0 -10 4 2
25    0.00303030303030303 -10 4 4    0.0 -10 4 4
26    0.00303030303030303 -10 4 6    0.0 -10 4 6
27    0.00303030303030303 -10 4 8    0.0 -10 4 8
28    0.00303030303030303 -10 4 10    0.0 -10 4 10
29    0.00303030303030303 -10 6 -4    0.0 -10 6 -4
30    0.00303030303030303 -10 6 -2    -0.43131313131313126 -10 6 -2
31    0.00303030303030303 -10 6 0    0.0 -10 6 0
32    0.00303030303030303 -10 6 2    0.0 -10 6 2
33    0.00303030303030303 -10 6 4    0.0 -10 6 4
34    0.00303030303030303 -10 6 6    0.0 -10 6 6
35    0.00303030303030303 -10 6 8    0.0 -10 6 8
36    0.00303030303030303 -10 6 10    0.0 -10 6 10
37    0.00303030303030303 -10 8 -6    0.0 -10 8 -6
38    0.00303030303030303 -10 8 -4    -0.49191919191919203 -10 8 -4
39    0.00303030303030303 -10 8 -2    0.0 -10 8 -2
40    0.00303030303030303 -10 8 0    0.0 -10 8 0
41    0.00303030303030303 -10 8 2    0.0 -10 8 2
42    0.00303030303030303 -10 8 4    0.0 -10 8 4
43    0.00303030303030303 -10 8 6    0.0 -10 8 6
44    0.00303030303030303 -10 8 8    0.0 -10 8 8
45    0.00303030303030303 -10 8 10    0.0 -10 8 10
46    0.00303030303030303 -10 10 -8    0.0 -10 10 -8
47    0.00303030303030303 -10 10 -6    -0.6101010101010101 -10 10 -6
48    0.00303030303030303 -10 10 -4    0.0 -10 10 -4
49    0.00303030303030303 -10 10 -2    0.0 -10 10 -2
50    0.00303030303030303 -10 10 0    0.0 -10 10 0
51    0.00303030303030303 -10 10 2    0.0 -10 10 2
52    0.00303030303030303 -10 10 4    0.0 -10 10 4
53    0.00303030303030303 -10 10 6    0.0 -10 10 6
54    0.00303030303030303 -10 10 8    0.0 -10 10 8
55    0.00303030303030303 -10 10 10    0.0 -10 10 10
56    0.00303030303030303 -8 -8 10    0.00505050505050505 -8 -8 10
57    0.00505050505050505 -8 -6 8    0.00707070707070707 -8 -6 8
58    0.00707070707070707 -8 -6 10    -0.1898989898989899 -8 -6 10
59    0.00707070707070707 -8 -4 6    0.0030303030303030303 -8 -4 6
60    0.00707070707070707 -8 -4 8    -0.18181818181818182 -8 -4 8
61    0.00707070707070707 -8 -4 10    0.0 -8 -4 10
62    0.00707070707070707 -8 -2 4    -0.00505050505050505 -8 -2 4
63    0.00707070707070707 -8 -2 6    -0.1292929292929293 -8 -2 6
64    0.00707070707070707 -8 -2 8    0.0 -8 -2 8
65    0.00707070707070707 -8 -2 10    0.0 -8 -2 10
66    0.00707070707070707 -8 0 2    -0.00808080808080808 -8 0 2
67    0.00707070707070707 -8 0 4    -0.12828282828282828 -8 0 4
68    0.00707070707070707 -8 0 6    0.0 -8 0 6
69    0.00707070707070707 -8 0 8    0.0 -8 0 8
70    0.00707070707070707 -8 0 10    0.0 -8 0 10
71    0.00707070707070707 -8 2 0    0.00505050505050505 -8 2 0
72    0.00707070707070707 -8 2 2    -0.15050505050505053 -8 2 2
73    0.00707070707070707 -8 2 4    0.0 -8 2 4
74    0.00707070707070707 -8 2 6    0.0 -8 2 6
75    0.00707070707070707 -8 2 8    0.0 -8 2 8
76    0.00707070707070707 -8 2 10    0.0 -8 2 10
77    0.00707070707070707 -8 4 -2    0.0 -8 4 -2
78    0.00707070707070707 -8 4 0    -0.16565656565656567 -8 4 0
79    0.00707070707070707 -8 4 2    0.0 -8 4 2
80    0.00707070707070707 -8 4 4    0.0 -8 4 4
81    0.00707070707070707 -8 4 6    0.0 -8 4 6
82    0.00707070707070707 -8 4 8    0.0 -8 4 8
83    0.00707070707070707 -8 4 10    0.0 -8 4 10
84    0.00707070707070707 -8 6 -4    -0.045454545454545456 -8 6 -4
85    0.00707070707070707 -8 6 -2    -0.24040404040404037 -8 6 -2
86    0.00707070707070707 -8 6 0    0.0 -8 6 0
87    0.00707070707070707 -8 6 2    0.0 -8 6 2
88    0.00707070707070707 -8 6 4    0.0 -8 6 4
89    0.00707070707070707 -8 6 6    0.0 -8 6 6
90    0.00707070707070707 -8 6 8    0.0 -8 6 8
91    0.00707070707070707 -8 6 10    0.0 -8 6 10
92    0.00707070707070707 -8 8 -6    -0.07474747474747474 -8 8 -6
93    0.00707070707070707 -8 8 -4    -0.3030303030303031 -8 8 -4
94    0.00707070707070707 -8 8 -2    0.0 -8 8 -2
95    0.00707070707070707 -8 8 0    0.0 -8 8 0
96    0.00707070707070707 -8 8 2    0.0 -8 8 2
97    0.00707070707070707 -8 8 4    0.0 -8 8 4
98    0.00707070707070707 -8 8 6    0.0 -8 8 6
99    0.00707070707070707 -8 8 8    0.0 -8 8 8
100    0.00707070707070707 -8 8 10    0.0 -8 8 10
101    0.00707070707070707 -8 10 -8    -0.08383838383838384 -8 10 -8
102    0.00707070707070707 -8 10 -6    -0.3494949494949496 -8 10 -6
103    0.00707070707070707 -8 10 -4    0.0 -8 10 -4
104    0.00707070707070707 -8 10 -2    0.0 -8 10 -2
105    0.00707070707070707 -8 10 0    0.0 -8 10 0
106    0.00707070707070707 -8 10 2    0.0 -8 10 2
107    0.00707070707070707 -8 10 4    0.0 -8 10 4
108    0.00707070707070707 -8 10 6    0.0 -8 10 6
109    0.00707070707070707 -8 10 8    0.0 -8 10 8
110    0.00707070707070707 -8 10 10    0.0 -8 10 10
111    0.00707070707070707 -6 -8 10    -0.6424242424242425 -6 -8 10
112    0.00707070707070707 -6 -6 8    -0.796969696969697 -6 -6 8
113    0.00707070707070707 -6 -6 10    -0.0494949494949495 -6 -6 10
114    0.00707070707070707 -6 -4 6    -0.8929292929292929 -6 -4 6
115    0.00707070707070707 -6 -4 8    -0.0707070707070707 -6 -4 8
116    0.00707070707070707 -6 -4 10    0.0 -6 -4 10
117    0.00707070707070707 -6 -2 4    -0.9707070707070706 -6 -2 4
118    0.00707070707070707 -6 -2 6    -0.045454545454545456 -6 -2 6
119    0.00707070707070707 -6 -2 8    0.0 -6 -2 8
120    0.00707070707070707 -6 -2 10    0.0 -6 -2 10
121    0.00707070707070707 -6 0 2    -0.9696969696969696 -6 0 2
122    0.00707070707070707 -6 0 4    -0.045454545454545456 -6 0 4
123    0.00707070707070707 -6 0 6    0.0 -6 0 6
124    0.00707070707070707 -6 0 8    0.0 -6 0 8
125    0.00707070707070707 -6 0 10    0.0 -6 0 10
126    0.00707070707070707 -6 2 0    -0.9909090909090909 -6 2 0
127    0.00707070707070707 -6 2 2    -0.01616161616161616 -6 2 2
128    0.00707070707070707 -6 2 4    0.0 -6 2 4
129    0.00707070707070707 -6 2 6    0.0 -6 2 6
130    0.00707070707070707 -6 2 8    0.0 -6 2 8
131    0.00707070707070707 -6 2 10    0.0 -6 2 10
132    0.00707070707070707 -6 4 -2    -0.9999999999999999 -6 4 -2
133    0.00707070707070707 -6 4 0    -0.05252525252525253 -6 4 0
134    0.00707070707070707 -6 4 2    0.0 -6 4 2
135    0.00707070707070707 -6 4 4    0.0 -6 4 4
136    0.00707070707070707 -6 4 6    0.0 -6 4 6
137    0.00707070707070707 -6 4 8    0.0 -6 4 8
138    0.00707070707070707 -6 4 10    0.0 -6 4 10
139    0.00707070707070707 -6 6 -4    -0.9999999999999999 -6 6 -4
140    0.00707070707070707 -6 6 -2    -0.06767676767676767 -6 6 -2
141    0.00707070707070707 -6 6 0    0.0 -6 6 0
142    0.00707070707070707 -6 6 2    0.0 -6 6 2
143    0.00707070707070707 -6 6 4    0.0 -6 6 4
144    0.00707070707070707 -6 6 6    0.0 -6 6 6
145    0.00707070707070707 -6 6 8    0.0 -6 6 8
146    0.00707070707070707 -6 6 10    0.0 -6 6 10
147    0.00707070707070707 -6 8 -6    -0.9909090909090909 -6 8 -6
148    0.00707070707070707 -6 8 -4    -0.07474747474747474 -6 8 -4
149    0.00707070707070707 -6 8 -2    0.0 -6 8 -2
150    0.00707070707070707 -6 8 0    0.0 -6 8 0
151    0.00707070707070707 -6 8 2    0.0 -6 8 2
152    0.00707070707070707 -6 8 4    0.0 -6 8 4
153    0.00707070707070707 -6 8 6    0.0 -6 8 6
154    0.00707070707070707 -6 8 8    0.0 -6 8 8
155    0.00707070707070707 -6 8 10    0.0 -6 8 10
156    0.00707070707070707 -6 10 -8    -0.9808080808080808 -6 10 -8
157    0.00707070707070707 -6 10 -6    -0.15656565656565657 -6 10 -6
158    0.00707070707070707 -6 10 -4    0.0 -6 10 -4
159    0.00707070707070707 -6 10 -2    0.0 -6 10 -2
160    0.00707070707070707 -6 10 0    0.0 -6 10 0
161    0.00707070707070707 -6 10 2    0.0 -6 10 2
162    0.00707070707070707 -6 10 4    0.0 -6 10 4
163    0.00707070707070707 -6 10 6    0.0 -6 10 6
164    0.00707070707070707 -6 10 8    0.0 -6 10 8
165    0.00707070707070707 -6 10 10    0.0 -6 10 10
166    0.00707070707070707 -4 -10 10    0.0 -4 -10 10
167    0.00707070707070707 -4 -8 8    0.00101010101010101 -4 -8 8
168    0.00707070707070707 -4 -8 10    -0.6838383838383838 -4 -8 10
169    0.00707070707070707 -4 -6 6    0.0 -4 -6 6
170    0.00707070707070707 -4 -6 8    -0.7101010101010101 -4 -6 8
171    0.00707070707070707 -4 -6 10    -0.00808080808080808 -4 -6 10
172    0.00707070707070707 -4 -4 6    -0.7252525252525254 -4 -4 6
173    0.00707070707070707 -4 -4 8    -0.00909090909090909 -4 -4 8
174    0.00707070707070707 -4 -4 10    0.0 -4 -4 10
175    0.00707070707070707 -4 -2 6    0.0 -4 -2 6
176    0.00707070707070707 -4 -2 8    0.0 -4 -2 8
177    0.00707070707070707 -4 -2 10    0.0 -4 -2 10
178    0.00707070707070707 -4 0 6    0.0 -4 0 6
179    0.00707070707070707 -4 0 8    0.0 -4 0 8
180    0.00707070707070707 -4 0 10    0.0 -4 0 10
181    0.00707070707070707 -4 2 6    0.0 -4 2 6
182    0.00707070707070707 -4 2 8    0.0 -4 2 8
183    0.00707070707070707 -4 2 10    0.0 -4 2 10
184    0.00707070707070707 -4 4 6    0.0 -4 4 6
185    0.00707070707070707 -4 4 8    0.0 -4 4 8
186    0.00707070707070707 -4 4 10    0.0 -4 4 10
187    0.00707070707070707 -4 6 -6    0.0 -4 6 -6
188    0.00707070707070707 -4 6 -4    -0.9060606060606061 -4 6 -4
189    0.00707070707070707 -4 6 -2    -0.01616161616161616 -4 6 -2
190    0.00707070707070707 -4 6 0    0.0 -4 6 0
191    0.00707070707070707 -4 6 2    0.0 -4 6 2
192    0.00707070707070707 -4 6 4    0.0 -4 6 4
193    0.00707070707070707 -4 6 6    0.0 -4 6 6
194    0.00707070707070707 -4 6 8    0.0 -4 6 8
195    0.00707070707070707 -4 6 10    0.0 -4 6 10
196    0.00707070707070707 -4 8 -8    0.0 -4 8 -8
197    0.00707070707070707 -4 8 -6    -0.9535353535353535 -4 8 -6
198    0.00707070707070707 -4 8 -4    -0.02222222222222222 -4 8 -4
199    0.00707070707070707 -4 8 -2    0.0 -4 8 -2
200    0.00707070707070707 -4 8 0    0.0 -4 8 0
201    0.00707070707070707 -4 8 2    0.0 -4 8 2
202    0.00707070707070707 -4 8 4    0.0 -4 8 4
203    0.00707070707070707 -4 8 6    0.0 -4 8 6
204    0.00707070707070707 -4 8 8    0.0 -4 8 8
205    0.00707070707070707 -4 8 10    0.0 -4 8 10
206    0.00707070707070707 -4 10 -10    0.0 -4 10 -10
207    0.00707070707070707 -4 10 -8    -0.9323232323232322 -4 10 -8
208    0.00707070707070707 -4 10 -6    -0.05959595959595959 -4 10 -6
209    0.00707070707070707 -4 10 -4    0.0 -4 10 -4
210    0.00707070707070707 -4 10 -2    0.0 -4 10 -2
211    0.00707070707070707 -4 10 0    0.0 -4 10 0
212    0.00707070707070707 -4 10 2    0.0 -4 10 2
213    0.00707070707070707 -4 10 4    0.0 -4 10 4
214    0.00707070707070707 -4 10 6    0.0 -4 10 6
215    0.00707070707070707 -4 10 8    0.0 -4 10 8
216    0.00707070707070707 -4 10 10    0.0 -4 10 10
217    0.00707070707070707 -2 -10 10    0.003030303030303029 -2 -10 10
218    0.00707070707070707 -2 -8 8    -0.00404040404040404 -2 -8 8
219    0.00707070707070707 -2 -8 10    -0.3797979797979798 -2 -8 10
220    0.00707070707070707 -2 -6 6    0.00202020202020202 -2 -6 6
221    0.00707070707070707 -2 -6 8    -0.35353535353535354 -2 -6 8
222    0.00707070707070707 -2 -6 10    -0.00909090909090909 -2 -6 10
223    0.00707070707070707 -2 -4 6    -0.33434343434343433 -2 -4 6
224    0.00707070707070707 -2 -4 8    0.0 -2 -4 8
225    0.00707070707070707 -2 -4 10    0.0 -2 -4 10
226    0.00707070707070707 -2 -2 6    0.0 -2 -2 6
227    0.00707070707070707 -2 -2 8    0.0 -2 -2 8
228    0.00707070707070707 -2 -2 10    0.0 -2 -2 10
229    0.00707070707070707 -2 0 6    0.0 -2 0 6
230    0.00707070707070707 -2 0 8    0.0 -2 0 8
231    0.00707070707070707 -2 0 10    0.0 -2 0 10
232    0.00707070707070707 -2 2 6    0.0 -2 2 6
233    0.00707070707070707 -2 2 8    0.0 -2 2 8
234    0.00707070707070707 -2 2 10    0.0 -2 2 10
235    0.00707070707070707 -2 4 6    0.0 -2 4 6
236    0.00707070707070707 -2 4 8    0.0 -2 4 8
237    0.00707070707070707 -2 4 10    0.0 -2 4 10
238    0.00707070707070707 -2 6 -6    0.0 -2 6 -6
239    0.00707070707070707 -2 6 -4    -0.5737373737373737 -2 6 -4
240    0.00707070707070707 -2 6 -2    0.0 -2 6 -2
241    0.00707070707070707 -2 6 0    0.0 -2 6 0
242    0.00707070707070707 -2 6 2    0.0 -2 6 2
243    0.00707070707070707 -2 6 4    0.0 -2 6 4
244    0.00707070707070707 -2 6 6    0.0 -2 6 6
245    0.00707070707070707 -2 6 8    0.0 -2 6 8
246    0.00707070707070707 -2 6 10    0.0 -2 6 10
247    0.00707070707070707 -2 8 -8    0.0 -2 8 -8
248    0.00707070707070707 -2 8 -6    -0.6737373737373737 -2 8 -6
249    0.00707070707070707 -2 8 -4    0.00101010101010101 -2 8 -4
250    0.00707070707070707 -2 8 -2    0.0 -2 8 -2
251    0.00707070707070707 -2 8 0    0.0 -2 8 0
252    0.00707070707070707 -2 8 2    0.0 -2 8 2
253    0.00707070707070707 -2 8 4    0.0 -2 8 4
254    0.00707070707070707 -2 8 6    0.0 -2 8 6
255    0.00707070707070707 -2 8 8    0.0 -2 8 8
256    0.00707070707070707 -2 8 10    0.0 -2 8 10
257    0.00707070707070707 -2 10 -10    0.0 -2 10 -10
258    0.00707070707070707 -2 10 -8    -0.7585858585858585 -2 10 -8
259    0.00707070707070707 -2 10 -6    -0.01414141414141414 -2 10 -6
260    0.00707070707070707 -2 10 -4    0.0 -2 10 -4
261    0.00707070707070707 -2 10 -2    0.0 -2 10 -2
262    0.00707070707070707 -2 10 0    0.0 -2 10 0
263    0.00707070707070707 -2 10 2    0.0 -2 10 2
264    0.00707070707070707 -2 10 4    0.0 -2 10 4
265    0.00707070707070707 -2 10 6    0.0 -2 10 6
266    0.00707070707070707 -2 10 8    0.0 -2 10 8
267    0.00707070707070707 -2 10 10    0.0 -2 10 10
268    0.00707070707070707 0 -10 10    0.00101010101010101 0 -10 10
269    0.00707070707070707 0 -8 8    -0.00404040404040404 0 -8 8
270    0.00707070707070707 0 -8 10    -0.16464646464646465 0 -8 10
271    0.00707070707070707 0 -6 6    -0.00606060606060606 0 -6 6
272    0.00707070707070707 0 -6 8    -0.10101010101010101 0 -6 8
273    0.00707070707070707 0 -6 10    0.0 0 -6 10
274    0.00707070707070707 0 -4 6    -0.11212121212121214 0 -4 6
275    0.00707070707070707 0 -4 8    0.0 0 -4 8
276    0.00707070707070707 0 -4 10    0.0 0 -4 10
277    0.00707070707070707 0 -2 6    0.0 0 -2 6
278    0.00707070707070707 0 -2 8    0.0 0 -2 8
279    0.00707070707070707 0 -2 10    0.0 0 -2 10
280    0.00707070707070707 0 6 -6    -0.07575757575757576 0 6 -6
281    0.00707070707070707 0 6 -4    -0.3212121212121213 0 6 -4
282    0.00707070707070707 0 6 -2    0.0 0 6 -2
283    0.00707070707070707 0 8 -8    -0.08787878787878789 0 8 -8
284    0.00707070707070707 0 8 -6    -0.41212121212121205 0 8 -6
285    0.00707070707070707 0 8 -4    0.0 0 8 -4
286    0.00707070707070707 0 8 -2    0.0 0 8 -2
287    0.00707070707070707 0 10 -10    -0.05858585858585858 0 10 -10
288    0.00707070707070707 0 10 -8    -0.4636363636363637 0 10 -8
289    0.00707070707070707 0 10 -6    0.0 0 10 -6
290    0.00707070707070707 0 10 -4    0.0 0 10 -4
291    0.00707070707070707 0 10 -2    0.0 0 10 -2
292    0.00707070707070707 2 -10 10    -0.7808080808080807 2 -10 10
293    0.00707070707070707 2 -8 8    -0.9040404040404041 2 -8 8
294    0.00707070707070707 2 -8 10    -0.043434343434343436 2 -8 10
295    0.00707070707070707 2 -6 6    -0.9505050505050505 2 -6 6
296    0.00707070707070707 2 -6 8    -0.05454545454545455 2 -6 8
297    0.00707070707070707 2 -6 10    0.0 2 -6 10
298    0.00707070707070707 2 -4 6    -0.045454545454545456 2 -4 6
299    0.00707070707070707 2 -4 8    0.0 2 -4 8
300    0.00707070707070707 2 -4 10    0.0 2 -4 10
301    0.00707070707070707 2 -2 6    0.0 2 -2 6
302    0.00707070707070707 2 -2 8    0.0 2 -2 8
303    0.00707070707070707 2 -2 10    0.0 2 -2 10
304    0.00707070707070707 2 6 -6    -0.9717171717171718 2 6 -6
305    0.00707070707070707 2 6 -4    -0.14747474747474748 2 6 -4
306    0.00707070707070707 2 6 -2    0.0 2 6 -2
307    0.00707070707070707 2 8 -8    -0.9808080808080808 2 8 -8
308    0.00707070707070707 2 8 -6    -0.23131313131313133 2 8 -6
309    0.00707070707070707 2 8 -4    0.0 2 8 -4
310    0.00707070707070707 2 8 -2    0.0 2 8 -2
311    0.00707070707070707 2 10 -10    -0.9424242424242424 2 10 -10
312    0.00707070707070707 2 10 -8    -0.26666666666666666 2 10 -8
313    0.00707070707070707 2 10 -6    0.0 2 10 -6
314    0.00707070707070707 2 10 -4    0.0 2 10 -4
315    0.00707070707070707 2 10 -2    0.0 2 10 -2
316    0.00707070707070707 4 -10 8    0.0 4 -10 8
317    0.00707070707070707 4 -10 10    -0.705050505050505 4 -10 10
318    0.00707070707070707 4 -8 6    0.0 4 -8 6
319    0.00707070707070707 4 -8 8    -0.7161616161616163 4 -8 8
320    0.00707070707070707 4 -8 10    -0.00909090909090909 4 -8 10
321    0.00707070707070707 4 -6 4    0.0 4 -6 4
322    0.00707070707070707 4 -6 6    -0.6979797979797979 4 -6 6
323    0.00707070707070707 4 -6 8    -0.00909090909090909 4 -6 8
324    0.00707070707070707 4 -6 10    0.0 4 -6 10
325    0.00707070707070707 4 -4 6    0.0 4 -4 6
326    0.00707070707070707 4 -4 8    0.0 4 -4 8
327    0.00707070707070707 4 -4 10    0.0 4 -4 10
328    0.00707070707070707 4 -2 6    0.0 4 -2 6
329    0.00707070707070707 4 -2 8    0.0 4 -2 8
330    0.00707070707070707 4 -2 10    0.0 4 -2 10
331    0.00707070707070707 4 4 -6    0.0 4 4 -6
332    0.00707070707070707 4 6 -8    0.0 4 6 -8
333    0.00707070707070707 4 6 -6    -0.9222222222222222 4 6 -6
334    0.00707070707070707 4 6 -4    -0.03232323232323232 4 6 -4
335    0.00707070707070707 4 6 -2    0.0 4 6 -2
336    0.00707070707070707 4 8 -10    0.0 4 8 -10
337    0.00707070707070707 4 8 -8    -0.9232323232323233 4 8 -8
338    0.00707070707070707 4 8 -6    -0.08585858585858586 4 8 -6
339    0.00707070707070707 4 8 -4    0.0 4 8 -4
340    0.00707070707070707 4 8 -2    0.0 4 8 -2
341    0.00707070707070707 4 10 -10    -0.913131313131313 4 10 -10
342    0.00707070707070707 4 10 -8    -0.1494949494949495 4 10 -8
343    0.00707070707070707 4 10 -6    0.0 4 10 -6
344    0.00707070707070707 4 10 -4    0.0 4 10 -4
345    0.00707070707070707 4 10 -2    0.0 4 10 -2
346    0.00707070707070707 6 -10 8    0.00202020202020202 6 -10 8
347    0.00707070707070707 6 -10 10    -0.3424242424242424 6 -10 10
348    0.00707070707070707 6 -8 6    0.0 6 -8 6
349    0.00707070707070707 6 -8 8    -0.3525252525252525 6 -8 8
350    0.00707070707070707 6 -8 10    0.0 6 -8 10
351    0.00707070707070707 6 -6 4    0.0 6 -6 4
352    0.00707070707070707 6 -6 6    -0.3343434343434344 6 -6 6
353    0.00707070707070707 6 -6 8    0.0 6 -6 8
354    0.00707070707070707 6 -6 10    0.0 6 -6 10
355    0.00707070707070707 6 -4 2    0.0 6 -4 2
356    0.00707070707070707 6 -4 4    -0.38484848484848494 6 -4 4
357    0.00707070707070707 6 -4 6    0.0 6 -4 6
358    0.00707070707070707 6 -4 8    0.0 6 -4 8
359    0.00707070707070707 6 -4 10    0.0 6 -4 10
360    0.00707070707070707 6 -2 0    0.0 6 -2 0
361    0.00707070707070707 6 -2 2    -0.39090909090909093 6 -2 2
362    0.00707070707070707 6 -2 4    0.0 6 -2 4
363    0.00707070707070707 6 -2 6    0.0 6 -2 6
364    0.00707070707070707 6 -2 8    0.0 6 -2 8
365    0.00707070707070707 6 -2 10    0.0 6 -2 10
366    0.00707070707070707 6 0 -2    0.0 6 0 -2
367    0.00707070707070707 6 2 -4    0.0 6 2 -4
368    0.00707070707070707 6 2 -2    -0.5727272727272728 6 2 -2
369    0.00707070707070707 6 2 0    0.0 6 2 0
370    0.00707070707070707 6 4 -6    0.0 6 4 -6
371    0.00707070707070707 6 4 -4    -0.6656565656565655 6 4 -4
372    0.00707070707070707 6 4 -2    -0.00909090909090909 6 4 -2
373    0.00707070707070707 6 4 0    0.0 6 4 0
374    0.00707070707070707 6 6 -8    -0.006060606060606061 6 6 -8
375    0.00707070707070707 6 6 -6    -0.7565656565656564 6 6 -6
376    0.00707070707070707 6 6 -4    -0.00505050505050505 6 6 -4
377    0.00707070707070707 6 6 -2    0.0 6 6 -2
378    0.00707070707070707 6 8 -10    0.00808080808080808 6 8 -10
379    0.00808080808080808 6 8 -8    -0.7929292929292928 6 8 -8
380    0.00808080808080808 6 8 -6    -0.02323232323232323 6 8 -6
381    0.00808080808080808 6 8 -4    0.0 6 8 -4
382    0.00808080808080808 6 8 -2    0.0 6 8 -2
383    0.00808080808080808 6 10 -10    -0.8232323232323232 6 10 -10
384    0.00808080808080808 6 10 -8    -0.06565656565656565 6 10 -8
385    0.00808080808080808 6 10 -6    0.0 6 10 -6
386    0.00808080808080808 6 10 -4    0.0 6 10 -4
387    0.00808080808080808 6 10 -2    0.0 6 10 -2
388    0.00808080808080808 8 -10 8    -0.02121212121212121 8 -10 8
389    0.00808080808080808 8 -10 10    -0.11717171717171716 8 -10 10
390    0.00808080808080808 8 -8 6    -0.01717171717171717 8 -8 6
391    0.00808080808080808 8 -8 8    -0.12727272727272726 8 -8 8
392    0.00808080808080808 8 -8 10    0.0 8 -8 10
393    0.00808080808080808 8 -6 4    -0.00505050505050505 8 -6 4
394    0.00808080808080808 8 -6 6    -0.1393939393939394 8 -6 6
395    0.00808080808080808 8 -6 8    0.0 8 -6 8
396    0.00808080808080808 8 -6 10    0.0 8 -6 10
397    0.00808080808080808 8 -4 2    0.0 8 -4 2
398    0.00808080808080808 8 -4 4    -0.16464646464646465 8 -4 4
399    0.00808080808080808 8 -4 6    0.0 8 -4 6
400    0.00808080808080808 8 -4 8    0.0 8 -4 8
401    0.00808080808080808 8 -4 10    0.0 8 -4 10
402    0.00808080808080808 8 -2 0    -0.10101010101010102 8 -2 0
403    0.00808080808080808 8 -2 2    -0.2202020202020202 8 -2 2
404    0.00808080808080808 8 -2 4    0.0 8 -2 4
405    0.00808080808080808 8 -2 6    0.0 8 -2 6
406    0.00808080808080808 8 -2 8    0.0 8 -2 8
407    0.00808080808080808 8 -2 10    0.0 8 -2 10
408    0.00808080808080808 8 0 -2    -0.054545454545454536 8 0 -2
409    0.00808080808080808 8 0 0    -0.2737373737373737 8 0 0
410    0.00808080808080808 8 0 2    0.0 8 0 2
411    0.00808080808080808 8 2 -4    -0.047474747474747475 8 2 -4
412    0.00808080808080808 8 2 -2    -0.34040404040404043 8 2 -2
413    0.00808080808080808 8 2 0    0.0 8 2 0
414    0.00808080808080808 8 4 -6    -0.045454545454545456 8 4 -6
415    0.00808080808080808 8 4 -4    -0.3838383838383839 8 4 -4
416    0.00808080808080808 8 4 -2    0.0 8 4 -2
417    0.00808080808080808 8 6 -8    -0.054545454545454536 8 6 -8
418    0.00808080808080808 8 6 -6    -0.45656565656565656 8 6 -6
419    0.00808080808080808 8 6 -4    0.00101010101010101 8 6 -4
420    0.00808080808080808 8 6 -2    0.0 8 6 -2
421    0.00808080808080808 8 8 -10    -0.030303030303030304 8 8 -10
422    0.00808080808080808 8 8 -8    -0.5454545454545455 8 8 -8
423    0.00808080808080808 8 8 -6    0.0030303030303030303 8 8 -6
424    0.00808080808080808 8 8 -4    0.0 8 8 -4
425    0.00808080808080808 8 8 -2    0.0 8 8 -2
426    0.00808080808080808 8 10 -10    -0.6464646464646464 8 10 -10
427    0.00808080808080808 8 10 -8    -0.03232323232323232 8 10 -8
428    0.00808080808080808 8 10 -6    0.0 8 10 -6
429    0.00808080808080808 8 10 -4    0.0 8 10 -4
430    0.00808080808080808 8 10 -2    0.0 8 10 -2
431    0.00808080808080808 10 -10 8    -0.9797979797979797 10 -10 8
432    0.00808080808080808 10 -10 10    -0.044444444444444446 10 -10 10
433    0.00808080808080808 10 -8 6    -0.9696969696969696 10 -8 6
434    0.00808080808080808 10 -8 8    -0.05353535353535354 10 -8 8
435    0.00808080808080808 10 -8 10    0.0 10 -8 10
436    0.00808080808080808 10 -6 4    -0.9999999999999999 10 -6 4
437    0.00808080808080808 10 -6 6    -0.03434343434343434 10 -6 6
438    0.00808080808080808 10 -6 8    0.0 10 -6 8
439    0.00808080808080808 10 -6 10    0.0 10 -6 10
440    0.00808080808080808 10 -4 2    -0.9898989898989898 10 -4 2
441    0.00808080808080808 10 -4 4    -0.05151515151515152 10 -4 4
442    0.00808080808080808 10 -4 6    0.0 10 -4 6
443    0.00808080808080808 10 -4 8    0.0 10 -4 8
444    0.00808080808080808 10 -4 10    0.0 10 -4 10
445    0.00808080808080808 10 -2 0    -0.9898989898989898 10 -2 0
446    0.00808080808080808 10 -2 2    -0.06767676767676767 10 -2 2
447    0.00808080808080808 10 -2 4    0.0 10 -2 4
448    0.00808080808080808 10 -2 6    0.0 10 -2 6
449    0.00808080808080808 10 -2 8    0.0 10 -2 8
450    0.00808080808080808 10 -2 10    0.0 10 -2 10
451    0.00808080808080808 10 0 -2    -0.9909090909090909 10 0 -2
452    0.00808080808080808 10 0 0    -0.08585858585858586 10 0 0
453    0.00808080808080808 10 0 2    0.0 10 0 2
454    0.00808080808080808 10 2 -4    -0.9535353535353536 10 2 -4
455    0.00808080808080808 10 2 -2    -0.1373737373737374 10 2 -2
456    0.00808080808080808 10 2 0    0.0 10 2 0
457    0.00808080808080808 10 4 -6    -0.9515151515151515 10 4 -6
458    0.00808080808080808 10 4 -4    -0.2303030303030303 10 4 -4
459    0.00808080808080808 10 4 -2    0.0 10 4 -2
460    0.00808080808080808 10 6 -8    -0.9424242424242424 10 6 -8
461    0.00808080808080808 10 6 -6    -0.2767676767676768 10 6 -6
462    0.00808080808080808 10 6 -4    0.0 10 6 -4
463    0.00808080808080808 10 6 -2    0.0 10 6 -2
464    0.00808080808080808 10 8 -10    -0.8959595959595961 10 8 -10
465    0.00808080808080808 10 8 -8    -0.3303030303030304 10 8 -8
466    0.00808080808080808 10 8 -6    0.00101010101010101 10 8 -6
467    0.00808080808080808 10 8 -4    0.0 10 8 -4
468    0.00808080808080808 10 8 -2    0.0 10 8 -2
469    0.00808080808080808 10 10 -10    -0.3646464646464647 10 10 -10
470    0.00808080808080808 10 10 -8    0.00606060606060606 10 10 -8
471    0.00808080808080808 10 10 -6    0.0 10 10 -6
472    0.00808080808080808 10 10 -4    0.0 10 10 -4
473    0.00808080808080808 10 10 -2    0.0 10 10 -2
